216
1.00000 0.22578 0.27358 0.40125 0.41002 0.34672 0.21074 0.32854 0.54833 0.61283 0.06091 0.19484 0.30559 0.28185 0.01550 0.31668 0.29305 0.38458 0.43157 0.47481 0.32731 0.57464 0.32721 0.33208 0.49299 0.49147 0.36790 0.75089 0.40361 0.45836 0.52049 0.30468 0.37297 0.24135 0.43014 0.42893 0.38221 0.28528 0.27685 0.34684 0.26471 0.40636 0.33637 0.58512 0.38479 0.00805 0.24831 0.02224 0.38380 0.01876 0.56974 0.50261 0.09312 0.37331 0.28421 0.38217 0.31189 0.44116 0.15181 0.21699 0.27035 0.48744 0.34498 0.31455 0.08184 0.56735 0.45905 0.16810 0.23971 0.34854 0.29956 0.29249 0.39946 0.52664 0.53798 0.40098 0.60805 0.68655 0.37090 0.46341 0.44851 0.50928 0.34930 0.52896 0.30501 0.32204 0.24099 0.31469 0.35900 0.19208 0.21141 0.33488 0.28166 0.49029 0.03227 0.40994 0.23487 0.30629 0.26697 0.17091 0.34968 0.37098 0.68878 0.31743 0.28419 0.62069 0.61156 0.42775 0.52783 0.40355 0.57832 0.13766 0.33809 0.48193 0.17098 0.15186 0.46928 0.62472 0.41474 0.31073 0.67677 0.27188 0.23170 0.41139 0.37606 0.51429 0.38776 0.28762 0.45293 0.28410 0.36766 0.42616 0.51646 0.31345 0.38281 0.37654 0.28590 0.28496 0.38042 0.42374 0.33024 0.23396 0.26187 0.02296 0.20871 0.20515 0.51009 0.69761 0.51758 0.32856 0.41066 0.47336 0.32953 0.62864 0.26483 0.25009 0.40257 0.28724 0.05754 0.44228 0.00709 0.61948 0.35166 0.27924 0.28404 0.23782 0.36307 0.29321 0.45841 0.35430 0.45773 0.54669 0.27888 0.61981 0.28947 0.41704 0.33657 0.53426 0.37053 0.02851 0.31366 0.13020 0.36134 0.62533 0.35547 0.24710 0.37616 0.19418 0.42335 0.35471 0.39540 0.55731 0.54538 0.34345 0.45385 0.40390 0.33787 0.51332 0.41118 0.34515 0.25156 0.49140 0.18960 0.48291 0.24799 0.39805 0.16309 0.62184 0.22682 0.50930 0.47051 0.35866 0.19152 0.28965 0.40417 0.42320
0.22578 1.00000 0.90960 0.71644 0.56863 0.56431 0.73832 0.90174 0.55592 0.27199 0.15710 0.49618 0.89933 0.81035 0.31916 0.90165 0.90676 0.82889 0.69326 0.67862 0.51631 0.60169 0.84383 0.47948 0.12930 0.77229 0.84300 0.28013 0.39787 0.59546 0.35966 0.66658 0.04681 0.45535 0.68772 0.01692 0.83543 0.90787 0.89134 0.71374 0.83954 0.51111 0.40829 0.65476 0.59087 0.05684 0.36200 0.34469 0.36031 0.44454 0.39007 0.59310 0.52089 0.35442 0.76580 0.80398 0.88331 0.75376 0.47852 0.43372 0.93176 0.24810 0.62384 0.72086 0.12811 0.51500 0.54354 0.36107 0.75080 0.72503 0.42181 0.88809 0.63973 0.65887 0.40433 0.72744 0.33927 0.38576 0.87708 0.34103 0.73373 0.06154 0.90213 0.48961 0.91057 0.42480 0.70779 0.42486 0.49084 0.31691 0.91821 0.89539 0.09683 0.55126 0.15675 0.84418 0.85098 0.71374 0.88629 0.84482 0.74114 0.85463 0.48383 0.25946 0.85606 0.48131 0.52877 0.89224 0.28542 0.84313 0.37596 0.16711 0.78346 0.53879 0.31518 0.10174 0.28651 0.46688 0.53390 0.80863 0.45541 0.50460 0.74771 0.61492 0.85224 0.25600 0.41279 0.92591 0.39336 0.90618 0.73666 0.63225 0.46063 0.90816 0.78990 0.46020 0.61442 0.55666 0.13493 0.45664 0.76720 0.79453 0.84452 0.37434 0.31308 0.81283 0.53551 0.29212 0.39088 0.83482 0.67062 0.73048 0.87973 0.46059 0.89223 0.38074 0.68396 0.84539 0.07153 0.80015 0.62451 0.30269 0.43634 0.33924 0.86851 0.68070 0.67361 0.91954 0.77667 0.37267 0.63593 0.66486 0.81714 0.16659 0.91543 0.81417 0.89150 0.55572 0.74150 0.11609 0.57860 0.50403 0.79565 0.30552 0.36658 0.86797 0.24996 0.78440 0.68702 0.75015 0.68833 0.49631 0.62008 0.80328 0.81296 0.77550 0.67440 0.47268 0.72606 0.82399 0.87297 0.43529 0.01809 0.71212 0.36720 0.72584 0.51891 0.28664 0.74945 0.44204 0.33127 0.69951 0.86177 0.63663 0.53668 0.66818
0.27358 0.90960 1.00000 0.77924 0.56515 0.49044 0.72110 0.86844 0.63669 0.38982 0.14320 0.41476 0.83780 0.79622 0.26442 0.89550 0.88377 0.87662 0.64540 0.72544 0.53849 0.65962 0.84834 0.36588 0.00174 0.79571 0.80306 0.33968 0.50869 0.63453 0.45377 0.73807 0.04792 0.43953 0.67632 0.08357 0.86415 0.85951 0.82065 0.78809 0.77189 0.60059 0.47709 0.65003 0.63712 0.04334 0.37762 0.25804 0.45749 0.36027 0.51971 0.59316 0.43242 0.44706 0.82645 0.81623 0.87418 0.82006 0.39610 0.36559 0.91714 0.14219 0.68430 0.70262 0.08894 0.62411 0.63431 0.26717 0.74946 0.80921 0.33455 0.88000 0.70336 0.66515 0.48062 0.71872 0.48757 0.42313 0.83635 0.43836 0.79364 0.02665 0.88401 0.59256 0.86543 0.44228 0.68789 0.26718 0.54481 0.34058 0.89480 0.82990 0.13768 0.65170 0.07804 0.85043 0.84441 0.62823 0.83272 0.80398 0.77447 0.86499 0.54706 0.15581 0.83659 0.50525 0.61316 0.86248 0.30843 0.90377 0.49182 0.04789 0.76826 0.65263 0.19012 0.14952 0.37827 0.54331 0.62749 0.79395 0.51555 0.59656 0.80710 0.65639 0.79446 0.17283 0.54032 0.85791 0.44375 0.84759 0.74233 0.74551 0.58969 0.84305 0.83299 0.53044 0.67675 0.61359 0.24654 0.55088 0.78773 0.74589 0.86863 0.28931 0.20999 0.71479 0.60137 0.40500 0.49238 0.83681 0.59602 0.78437 0.86737 0.54982 0.86822 0.42355 0.64188 0.83408 0.14379 0.80101 0.58107 0.39502 0.50734 0.22924 0.82551 0.73102 0.74922 0.87376 0.80341 0.43166 0.71751 0.71749 0.81845 0.29224 0.79381 0.79082 0.86482 0.59715 0.79683 0.10021 0.57897 0.43873 0.80847 0.44125 0.32231 0.84441 0.31366 0.76355 0.76364 0.80370 0.76227 0.54096 0.68458 0.83738 0.84694 0.82078 0.61021 0.54769 0.77938 0.85994 0.80968 0.56564 0.05600 0.76650 0.37874 0.75993 0.41852 0.32204 0.76598 0.47745 0.32736 0.77353 0.81187 0.61000 0.61466 0.77890
0.40125 0.71644 0.77924 1.00000 0.49078 0.51249 0.56122 0.72097 0.73797 0.47923 0.03557 0.22624 0.68818 0.75089 0.16627 0.77011 0.75060 0.74770 0.56413 0.74528 0.40450 0.69536 0.69396 0.16898 0.13733 0.77072 0.68168 0.41325 0.46347 0.62864 0.47822 0.72457 0.14675 0.31904 0.57966 0.26490 0.74972 0.69718 0.64459 0.76044 0.59414 0.61814 0.62963 0.67735 0.69637 0.03695 0.33998 0.10582 0.35991 0.27915 0.64767 0.59614 0.25530 0.64773 0.77229 0.71868 0.69416 0.74363 0.20158 0.13042 0.76924 0.07873 0.68917 0.56449 0.03743 0.63071 0.70647 0.09879 0.69532 0.69629 0.07607 0.79858 0.74621 0.75141 0.63778 0.56992 0.52342 0.45035 0.64249 0.41555 0.76868 0.26788 0.75924 0.55775 0.72208 0.34426 0.48852 0.14268 0.56300 0.23877 0.71382 0.67524 0.14720 0.61061 0.11045 0.75437 0.73713 0.54466 0.63661 0.64050 0.74056 0.78759 0.64784 0.00889 0.73668 0.60983 0.71934 0.73200 0.45877 0.81832 0.41314 0.08480 0.61213 0.71204 0.31271 0.06241 0.48312 0.63845 0.66824 0.72983 0.49605 0.69131 0.67908 0.61566 0.64076 0.11200 0.69073 0.71477 0.36472 0.64625 0.73249 0.71007 0.65906 0.69442 0.77216 0.36128 0.75040 0.42159 0.43682 0.47775 0.76862 0.56277 0.75809 0.24782 0.05574 0.58037 0.68523 0.55104 0.53021 0.71275 0.50082 0.71257 0.74990 0.62868 0.70658 0.33015 0.60703 0.76632 0.13873 0.73893 0.53119 0.45636 0.59757 0.01259 0.66225 0.56127 0.57073 0.72675 0.79299 0.33404 0.75827 0.71098 0.76544 0.42377 0.65601 0.76361 0.71714 0.72291 0.74170 0.00328 0.40382 0.24283 0.78955 0.51322 0.33712 0.67545 0.24680 0.68410 0.64682 0.62385 0.80617 0.71875 0.74185 0.69449 0.70888 0.73453 0.61022 0.62630 0.64086 0.78327 0.67179 0.55200 0.17891 0.69149 0.18842 0.71929 0.24691 0.37354 0.59583 0.42742 0.39835 0.73192 0.61936 0.50238 0.60984 0.70279
0.41002 0.56863 0.56515 0.49078 1.00000 0.38113 0.69247 0.61451 0.55497 0.48752 0.21334 0.16909 0.59278 0.53524 0.33106 0.61946 0.60458 0.61348 0.67489 0.53960 0.57173 0.51665 0.70762 0.22175 0.25978 0.58923 0.68183 0.42950 0.56930 0.69964 0.59405 0.59672 0.09572 0.61686 0.62469 0.08354 0.67560 0.59408 0.56327 0.52474 0.64485 0.61709 0.44157 0.49904 0.50997 0.18547 0.11829 0.14914 0.56404 0.34787 0.42320 0.67801 0.23138 0.28205 0.53926 0.60556 0.67308 0.66565 0.22880 0.17130 0.56219 0.03403 0.53099 0.67095 0.17835 0.72394 0.42125 0.18366 0.50100 0.64183 0.11782 0.59215 0.62671 0.49499 0.54412 0.73628 0.55201 0.54704 0.66578 0.69168 0.66303 0.05665 0.68439 0.72958 0.58392 0.54851 0.67691 0.05612 0.53900 0.45744 0.52795 0.61989 0.62151 0.64994 0.17118 0.70219 0.65978 0.60134 0.65449 0.62305 0.50152 0.60078 0.57130 0.10282 0.68523 0.56745 0.51904 0.64650 0.34461 0.63329 0.62015 0.21647 0.59354 0.59682 0.18166 0.10366 0.41301 0.50301 0.52255 0.60016 0.68531 0.40977 0.60820 0.64552 0.65033 0.01931 0.51165 0.59723 0.74638 0.63920 0.58882 0.53940 0.57336 0.65959 0.59571 0.61930 0.42822 0.64393 0.11138 0.46947 0.50758 0.61631 0.58958 0.23282 0.15628 0.59309 0.63426 0.38646 0.54287 0.61368 0.61736 0.50771 0.69442 0.58482 0.63914 0.52017 0.62225 0.56383 0.32351 0.55748 0.30512 0.50376 0.56505 0.22806 0.63670 0.66165 0.66783 0.63912 0.63307 0.62660 0.68122 0.60517 0.41853 0.31804 0.62924 0.60526 0.57915 0.55598 0.52624 0.18029 0.74870 0.21876 0.56825 0.55303 0.57682 0.56976 0.48776 0.47012 0.69607 0.61855 0.55058 0.44962 0.60926 0.60374 0.60316 0.65154 0.48158 0.57478 0.63927 0.55681 0.55976 0.64607 0.08344 0.64795 0.65747 0.57233 0.20243 0.36580 0.59532 0.66013 0.70310 0.65494 0.45205 0.74440 0.64950 0.45772
0.34672 0.56431 0.49044 0.51249 0.38113 1.00000 0.23641 0.46887 0.31798 0.45290 0.07127 0.10768 0.53494 0.57593 0.01996 0.49163 0.55734 0.49538 0.79278 0.60562 0.32355 0.58334 0.40822 0.01057 0.02134 0.55439 0.56870 0.42904 0.38705 0.36845 0.38862 0.25914 0.38857 0.11342 0.72920 0.37051 0.43934 0.59152 0.65012 0.51407 0.40998 0.33029 0.37609 0.71271 0.35418 0.32908 0.39304 0.01834 0.07735 0.21502 0.39370 0.64511 0.23861 0.35963 0.41734 0.62953 0.58580 0.26424 0.15107 0.00701 0.51295 0.07589 0.33429 0.46806 0.15982 0.50269 0.49027 0.06063 0.36114 0.47867 0.11227 0.51697 0.45045 0.43727 0.36652 0.59712 0.35704 0.49103 0.59006 0.28247 0.41974 0.26051 0.48735 0.43502 0.53091 0.01181 0.14642 0.22117 0.32022 0.07631 0.49914 0.69655 0.21198 0.53532 0.38667 0.61759 0.38800 0.78146 0.43835 0.32114 0.45010 0.46555 0.44582 0.06945 0.66468 0.57534 0.49375 0.54496 0.67187 0.46688 0.37403 0.33342 0.52880 0.38934 0.65414 0.06333 0.63437 0.37072 0.36657 0.56524 0.47211 0.33455 0.39869 0.27565 0.64220 0.00001 0.25488 0.57887 0.15707 0.61930 0.67149 0.45610 0.42041 0.58345 0.52650 0.28984 0.44712 0.27801 0.29706 0.42334 0.57431 0.29797 0.47497 0.34838 0.03865 0.59988 0.41470 0.54315 0.57778 0.56261 0.73173 0.62323 0.55176 0.31036 0.42337 0.12322 0.78677 0.45607 0.05434 0.55588 0.46524 0.35278 0.41174 0.04398 0.59670 0.28456 0.36313 0.51918 0.49912 0.07838 0.38944 0.52333 0.60528 0.18420 0.59287 0.59021 0.58889 0.52136 0.48791 0.00669 0.39949 0.17827 0.50417 0.28100 0.63969 0.62537 0.19224 0.41782 0.33950 0.53438 0.46503 0.55695 0.53725 0.33269 0.52741 0.39986 0.87623 0.37261 0.42804 0.48257 0.69241 0.33163 0.10487 0.37201 0.14563 0.55617 0.28688 0.31352 0.26909 0.39160 0.48576 0.32250 0.56778 0.14979 0.28328 0.47664
0.21074 0.73832 0.72110 0.56122 0.69247 0.23641 1.00000 0.78162 0.59445 0.27982 0.16541 0.31155 0.68010 0.55360 0.42407 0.74321 0.75261 0.76854 0.55388 0.53422 0.54630 0.49422 0.78842 0.42743 0.09767 0.63646 0.81851 0.21437 0.44904 0.60793 0.44703 0.69369 0.04431 0.69463 0.52724 0.06202 0.73638 0.71262 0.62957 0.58038 0.86968 0.66363 0.30857 0.38518 0.55378 0.13685 0.00358 0.34281 0.60014 0.44798 0.29789 0.54222 0.32984 0.24049 0.71433 0.61844 0.73079 0.82403 0.31976 0.30393 0.77404 0.10985 0.57006 0.66225 0.12386 0.51125 0.39067 0.24048 0.72864 0.75674 0.35144 0.70262 0.63823 0.57627 0.39151 0.64868 0.43262 0.40706 0.77873 0.47998 0.72001 0.05978 0.82214 0.66595 0.73517 0.68925 0.89573 0.23113 0.70544 0.40590 0.76247 0.66655 0.30665 0.61789 0.21220 0.71148 0.84821 0.54468 0.84575 0.84312 0.61528 0.71446 0.39413 0.21697 0.74458 0.43273 0.46373 0.74991 0.20769 0.76262 0.44884 0.18585 0.75042 0.51677 0.08736 0.04323 0.22880 0.45737 0.46926 0.59525 0.44696 0.46273 0.75813 0.68597 0.73620 0.14284 0.47305 0.70784 0.70468 0.71731 0.54706 0.55686 0.37848 0.72727 0.68904 0.57605 0.51772 0.67021 0.04535 0.44060 0.60731 0.86765 0.76064 0.32705 0.26000 0.61036 0.52516 0.27385 0.32549 0.72633 0.48159 0.61023 0.76305 0.46993 0.80929 0.46059 0.48005 0.74219 0.26784 0.65700 0.32246 0.41509 0.57049 0.29370 0.71685 0.72555 0.68643 0.77808 0.69440 0.63619 0.69911 0.53847 0.55411 0.18365 0.66085 0.65013 0.65691 0.46478 0.64514 0.16747 0.65976 0.31329 0.63168 0.35457 0.24847 0.71609 0.34066 0.57546 0.75137 0.63765 0.55799 0.36577 0.53886 0.77068 0.67479 0.72776 0.43487 0.40522 0.65842 0.68846 0.65137 0.56039 0.27584 0.72802 0.48022 0.66670 0.29088 0.22087 0.71714 0.51690 0.40018 0.78575 0.69681 0.89211 0.67094 0.60274
0.32854 0.90174 0.86844 0.72097 0.61451 0.46887 0.78162 1.00000 0.64061 0.32926 0.18357 0.44147 0.90523 0.78826 0.34847 0.90826 0.86270 0.82333 0.67455 0.68095 0.57738 0.63849 0.88813 0.43784 0.03343 0.75396 0.84488 0.34543 0.38772 0.66758 0.44102 0.66686 0.02692 0.51676 0.62893 0.03588 0.88064 0.84163 0.86247 0.74794 0.86483 0.61975 0.43716 0.63972 0.66656 0.04133 0.25538 0.36890 0.47717 0.42651 0.45336 0.63881 0.43889 0.34409 0.78944 0.78793 0.86999 0.81416 0.41321 0.38693 0.91187 0.10175 0.72959 0.73530 0.03923 0.58134 0.57111 0.32252 0.78437 0.71407 0.31845 0.89464 0.66233 0.75208 0.48389 0.73906 0.39030 0.47962 0.87661 0.42246 0.77341 0.00953 0.91118 0.55101 0.91112 0.51714 0.78215 0.35870 0.55627 0.37651 0.89524 0.85156 0.17497 0.61079 0.02966 0.83200 0.87094 0.64737 0.89619 0.87251 0.75306 0.85930 0.55220 0.20734 0.83724 0.53897 0.58490 0.89256 0.32023 0.87736 0.46935 0.01065 0.75415 0.62044 0.25899 0.03961 0.26041 0.54820 0.56599 0.77026 0.50468 0.52722 0.75537 0.67448 0.81690 0.14041 0.47046 0.89211 0.53141 0.85285 0.70982 0.65015 0.52979 0.87739 0.83260 0.53318 0.60974 0.62077 0.21203 0.41598 0.77586 0.84499 0.84762 0.32367 0.29980 0.73943 0.59853 0.39948 0.36535 0.79355 0.62508 0.75017 0.87846 0.53509 0.87769 0.44624 0.63002 0.88495 0.16598 0.80532 0.52938 0.40471 0.47607 0.32529 0.84618 0.67723 0.71381 0.90798 0.81243 0.48817 0.67749 0.68968 0.80269 0.25829 0.87776 0.83421 0.87707 0.55405 0.75759 0.12640 0.62765 0.44475 0.82548 0.35498 0.35848 0.83556 0.34526 0.77674 0.75107 0.73604 0.70629 0.52538 0.64302 0.82663 0.83083 0.80183 0.60371 0.55968 0.73816 0.78950 0.77947 0.47994 0.06487 0.81136 0.45284 0.71666 0.42363 0.38111 0.75408 0.47704 0.34670 0.80357 0.79022 0.72579 0.60461 0.70552
0.54833 0.55592 0.63669 0.73797 0.55497 0.31798 0.59445 0.64061 1.00000 0.56672 0.06736 0.01353 0.56681 0.58847 0.11816 0.68571 0.60540 0.69479 0.44292 0.71246 0.45495 0.67245 0.63932 0.04177 0.33172 0.69569 0.57656 0.55394 0.54102 0.75446 0.49723 0.72098 0.15609 0.47403 0.49529 0.29494 0.67957 0.61596 0.55929 0.68099 0.50409 0.71577 0.65667 0.64604 0.67801 0.00434 0.19019 0.00136 0.43820 0.11053 0.71518 0.58513 0.05553 0.64346 0.70328 0.63235 0.55937 0.76689 0.02292 0.01121 0.62536 0.25357 0.78064 0.47931 0.10726 0.72759 0.71706 0.03042 0.66421 0.61888 0.12888 0.66708 0.78589 0.72443 0.72649 0.45836 0.64031 0.63582 0.60173 0.52152 0.77420 0.31950 0.65049 0.58726 0.58581 0.43695 0.51152 0.13925 0.56064 0.33748 0.58866 0.55563 0.29040 0.61107 0.13827 0.72243 0.62208 0.34993 0.56248 0.60542 0.69657 0.69868 0.73087 0.21244 0.60936 0.63355 0.77631 0.62335 0.50634 0.72802 0.61896 0.15414 0.55401 0.79582 0.23971 0.04312 0.50700 0.78633 0.75857 0.59607 0.60168 0.65243 0.69292 0.76234 0.48707 0.31828 0.63523 0.58227 0.46840 0.53513 0.61288 0.68170 0.68837 0.59925 0.70964 0.48823 0.75355 0.50986 0.43068 0.43062 0.66879 0.50610 0.67026 0.04686 0.08900 0.51931 0.78491 0.55320 0.59097 0.65049 0.38350 0.68399 0.60911 0.74555 0.62095 0.37252 0.49921 0.67159 0.30244 0.68678 0.38336 0.60994 0.57408 0.14731 0.49891 0.60606 0.57450 0.61510 0.70294 0.44451 0.79646 0.78357 0.64337 0.63830 0.52309 0.70056 0.60382 0.77306 0.71522 0.09980 0.47466 0.05185 0.72143 0.60833 0.33832 0.58643 0.43700 0.56113 0.75381 0.54396 0.75373 0.69220 0.79968 0.70585 0.67088 0.73532 0.41623 0.68934 0.69193 0.71105 0.54473 0.60051 0.27051 0.72070 0.32767 0.63053 0.01112 0.57810 0.57073 0.51593 0.45718 0.79362 0.49793 0.57301 0.71245 0.72705
0.61283 0.27199 0.38982 0.47923 0.48752 0.45290 0.27982 0.32926 0.56672 1.00000 0.03387 0.23133 0.29150 0.29840 0.01087 0.36414 0.40551 0.50183 0.56841 0.59548 0.43252 0.53646 0.38066 0.33425 0.46932 0.47171 0.34529 0.56625 0.67081 0.58104 0.58336 0.33823 0.38981 0.31236 0.52271 0.41340 0.44229 0.36823 0.32421 0.41901 0.25641 0.42367 0.48527 0.60246 0.35897 0.19830 0.14889 0.07162 0.36989 0.07456 0.61954 0.61303 0.16434 0.52367 0.31489 0.48167 0.36112 0.43821 0.20062 0.28202 0.30740 0.32941 0.36051 0.38685 0.18288 0.65872 0.44142 0.25780 0.30437 0.48425 0.13781 0.40261 0.42859 0.42954 0.58403 0.44437 0.61834 0.70479 0.44634 0.63406 0.47707 0.39166 0.34608 0.62118 0.33671 0.26948 0.21823 0.29099 0.52766 0.17150 0.29103 0.40866 0.44277 0.67510 0.03323 0.44955 0.26289 0.48699 0.26847 0.21543 0.32488 0.36026 0.60536 0.28883 0.45049 0.71510 0.68584 0.40713 0.66379 0.45979 0.71984 0.07305 0.45372 0.46962 0.23301 0.03235 0.68722 0.62446 0.51720 0.36878 0.61649 0.38678 0.39721 0.51212 0.40946 0.30751 0.49741 0.30257 0.44337 0.41000 0.54047 0.56410 0.51961 0.35139 0.54909 0.48596 0.41686 0.39630 0.29470 0.54800 0.43265 0.22588 0.30300 0.05253 0.23104 0.38365 0.53406 0.75603 0.69754 0.47170 0.50193 0.60013 0.40634 0.63536 0.28846 0.26023 0.58187 0.27378 0.11834 0.51575 0.09372 0.66019 0.58732 0.31852 0.33456 0.30178 0.43053 0.39448 0.44907 0.34993 0.52902 0.56997 0.39723 0.55764 0.32966 0.38999 0.40496 0.52529 0.42433 0.00025 0.44680 0.17456 0.44947 0.56410 0.65066 0.37873 0.43584 0.24630 0.55864 0.41567 0.39888 0.51247 0.58123 0.35115 0.47605 0.46275 0.51142 0.59831 0.48177 0.48890 0.34916 0.63533 0.23486 0.41074 0.34743 0.52967 0.16579 0.50737 0.25928 0.64271 0.64704 0.41212 0.24345 0.33036 0.48460 0.44555
0.06091 0.15710 0.14320 0.03557 0.21334 0.07127 0.16541 0.18357 0.06736 0.03387 1.00000 0.41245 0.18671 0.10846 0.52424 0.11914 0.03289 0.06940 0.17683 0.00543 0.32275 0.00008 0.24309 0.39892 0.00515 0.08011 0.25285 0.05794 0.01286 0.02345 0.12356 0.05889 0.04032 0.14964 0.21092 0.14260 0.12713 0.06923 0.17885 0.07325 0.31050 0.15482 0.28635 0.00437 0.05529 0.02204 0.09389 0.62565 0.26324 0.63081 0.19572 0.23085 0.39022 0.20869 0.02215 0.07559 0.25773 0.04388 0.35166 0.46267 0.17705 0.01582 0.00947 0.23097 0.03268 0.05059 0.14558 0.36362 0.03721 0.05708 0.44949 0.06376 0.02349 0.02781 0.14184 0.21249 0.03530 0.00225 0.17486 0.07411 0.02429 0.04117 0.17495 0.05766 0.19809 0.20803 0.29318 0.35826 0.00591 0.28631 0.11989 0.15646 0.12844 0.05634 0.13424 0.16567 0.22080 0.21077 0.21702 0.20251 0.08233 0.08100 0.08675 0.44662 0.13992 0.01031 0.10837 0.26608 0.11279 0.09572 0.04130 0.26726 0.21622 0.02999 0.01458 0.23706 0.02265 0.04110 0.07194 0.12118 0.11293 0.13067 0.04033 0.06833 0.31787 0.06344 0.06456 0.05150 0.25866 0.14322 0.03448 0.04564 0.04862 0.15438 0.03718 0.19297 0.17477 0.14535 0.08810 0.22135 0.02745 0.31823 0.13651 0.56993 0.39683 0.01760 0.00946 0.04571 0.08989 0.06321 0.16423 0.00215 0.24954 0.08063 0.19654 0.32489 0.14144 0.07821 0.18428 0.14036 0.03098 0.00311 0.05137 0.54847 0.26659 0.06271 0.16919 0.11848 0.11661 0.27284 0.02844 0.08432 0.11688 0.13052 0.18124 0.17500 0.11433 0.04288 0.06201 0.93871 0.25005 0.42898 0.05565 0.02805 0.23049 0.08457 0.08132 0.06141 0.00195 0.26047 0.01325 0.07089 0.06962 0.04577 0.27102 0.01779 0.11675 0.08380 0.08785 0.07521 0.01902 0.05266 0.27870 0.07178 0.34798 0.03546 0.39534 0.02423 0.20675 0.15723 0.16223 0.03257 0.00736 0.17200 0.01818 0.05052
0.19484 0.49618 0.41476 0.22624 0.16909 0.10768 0.31155 0.44147 0.01353 0.23133 0.41245 1.00000 0.46583 0.42559 0.62182 0.38006 0.37330 0.28211 0.17656 0.03494 0.12039 0.00239 0.42871 0.86141 0.38078 0.13157 0.37177 0.19967 0.10787 0.05179 0.01008 0.21512 0.38204 0.06618 0.20793 0.38529 0.36258 0.36412 0.43059 0.26577 0.44411 0.10300 0.02074 0.08709 0.24581 0.06942 0.39697 0.55705 0.06629 0.63022 0.12181 0.12439 0.95484 0.08515 0.30796 0.23274 0.44389 0.30002 0.96687 0.95917 0.44157 0.48828 0.17432 0.23647 0.13389 0.01258 0.07632 0.94012 0.32057 0.23054 0.59013 0.35560 0.19151 0.21820 0.03827 0.23499 0.15482 0.25211 0.30672 0.07135 0.23825 0.32485 0.43138 0.05158 0.46344 0.09266 0.38155 0.82643 0.10539 0.09485 0.44530 0.40057 0.11311 0.05033 0.04276 0.32302 0.45546 0.22877 0.46756 0.44743 0.29018 0.32650 0.01882 0.75158 0.33206 0.13675 0.08255 0.43852 0.19905 0.33338 0.11869 0.04940 0.27585 0.08468 0.06487 0.29092 0.27519 0.11892 0.12567 0.34683 0.04618 0.09740 0.30710 0.05294 0.34939 0.51162 0.01152 0.38998 0.00308 0.42295 0.19783 0.08241 0.10997 0.42018 0.23673 0.00428 0.12703 0.08741 0.05039 0.03138 0.16876 0.44641 0.39574 0.50846 0.81976 0.31046 0.16102 0.22190 0.13196 0.23902 0.17546 0.05408 0.44338 0.05851 0.41429 0.13987 0.12641 0.45186 0.00156 0.18253 0.40390 0.24998 0.02000 0.79970 0.47519 0.26323 0.20137 0.42209 0.32932 0.07973 0.13516 0.14512 0.35308 0.25996 0.45706 0.31776 0.35943 0.03964 0.25675 0.37273 0.15704 0.96523 0.25015 0.10788 0.01232 0.37935 0.12123 0.39096 0.16890 0.31064 0.17525 0.03836 0.09429 0.36740 0.29046 0.20772 0.13118 0.06523 0.19515 0.25598 0.37441 0.00537 0.38045 0.25885 0.12711 0.14799 0.94666 0.25304 0.31475 0.03026 0.08969 0.26395 0.33209 0.23033 0.10231 0.19758
0.30559 0.89933 0.83780 0.68818 0.59278 0.53494 0.68010 0.90523 0.56681 0.29150 0.18671 0.46583 1.00000 0.86367 0.33273 0.87487 0.82996 0.75050 0.68501 0.65851 0.59016 0.61977 0.87514 0.45411 0.01471 0.71648 0.78977 0.31420 0.40015 0.64459 0.46955 0.64536 0.06840 0.44886 0.68557 0.03269 0.85108 0.83836 0.86850 0.77119 0.83857 0.59149 0.40029 0.65495 0.68639 0.12020 0.34226 0.30608 0.37662 0.38048 0.44030 0.61660 0.46357 0.27891 0.75502 0.78573 0.88662 0.73186 0.42818 0.41932 0.90023 0.17449 0.68225 0.74439 0.07660 0.54193 0.54950 0.35885 0.71988 0.66642 0.27834 0.83937 0.65471 0.71634 0.43361 0.75852 0.40813 0.42466 0.84143 0.43832 0.73245 0.03759 0.88035 0.53533 0.88531 0.39846 0.69057 0.41211 0.49288 0.41320 0.88995 0.83407 0.22601 0.56005 0.12205 0.81956 0.84425 0.68306 0.89932 0.82308 0.70360 0.88502 0.57932 0.22091 0.79268 0.46266 0.57547 0.89889 0.28975 0.83615 0.42699 0.09507 0.69369 0.59476 0.30244 0.09686 0.25429 0.49611 0.59262 0.73492 0.52154 0.52793 0.74356 0.59897 0.80034 0.18422 0.46637 0.90990 0.46540 0.83859 0.69521 0.62732 0.53425 0.89378 0.75825 0.52983 0.59512 0.61667 0.28803 0.51306 0.75070 0.77628 0.84736 0.32193 0.33116 0.71636 0.61901 0.35698 0.37815 0.79186 0.71244 0.69405 0.85967 0.47715 0.82731 0.47395 0.65253 0.88750 0.17945 0.76656 0.59365 0.27006 0.46318 0.35872 0.85351 0.65908 0.67985 0.88991 0.80835 0.37031 0.63312 0.70160 0.82304 0.22907 0.88742 0.79509 0.89433 0.53857 0.74759 0.13967 0.59351 0.46336 0.79081 0.36256 0.43807 0.79222 0.37621 0.78225 0.69092 0.75710 0.68109 0.53095 0.60221 0.79025 0.78547 0.72721 0.62984 0.53573 0.73097 0.78170 0.80395 0.43719 0.01817 0.75755 0.43969 0.61834 0.46080 0.31130 0.74984 0.47122 0.40328 0.72893 0.74053 0.65477 0.53526 0.70516
0.28185 0.81035 0.79622 0.75089 0.53524 0.57593 0.55360 0.78826 0.58847 0.29840 0.10846 0.42559 0.86367 1.00000 0.24826 0.83452 0.76832 0.72780 0.63379 0.67980 0.56547 0.59846 0.79128 0.36265 0.00200 0.68986 0.69122 0.35302 0.48170 0.64229 0.47962 0.58551 0.04569 0.41424 0.60242 0.00843 0.76127 0.80261 0.83777 0.75760 0.68509 0.59515 0.51316 0.62514 0.70326 0.28897 0.37850 0.21660 0.29062 0.30906 0.45350 0.59153 0.45275 0.43814 0.71829 0.78845 0.80597 0.63250 0.41634 0.37644 0.79929 0.15140 0.68949 0.64743 0.17771 0.61407 0.65147 0.33606 0.74439 0.60616 0.19443 0.82638 0.70204 0.64150 0.50097 0.64334 0.40380 0.35526 0.71917 0.39789 0.68950 0.02602 0.76979 0.45931 0.81799 0.28363 0.57586 0.38524 0.41372 0.42876 0.81849 0.82157 0.31545 0.52269 0.10345 0.80438 0.77724 0.65668 0.78384 0.78498 0.70701 0.83506 0.61674 0.12475 0.74829 0.45426 0.59896 0.82220 0.31373 0.77502 0.36529 0.07860 0.60450 0.64212 0.42410 0.19969 0.29877 0.47082 0.68075 0.71357 0.47490 0.61507 0.78903 0.57747 0.70304 0.11226 0.54314 0.84240 0.36291 0.75920 0.75140 0.62018 0.65544 0.83471 0.72770 0.48329 0.68653 0.54919 0.37298 0.43306 0.73851 0.65011 0.78793 0.28100 0.24458 0.68087 0.69036 0.34322 0.44495 0.70833 0.68457 0.65956 0.76570 0.49546 0.78280 0.48089 0.63064 0.83120 0.26957 0.68141 0.75523 0.33576 0.46297 0.26527 0.74859 0.57863 0.59211 0.80917 0.77029 0.30751 0.65769 0.69916 0.84337 0.27734 0.80548 0.82140 0.85292 0.65672 0.71537 0.10086 0.57926 0.44609 0.75767 0.35612 0.49817 0.77477 0.38143 0.77509 0.66213 0.67795 0.69216 0.57929 0.69239 0.72777 0.70798 0.66949 0.64247 0.63298 0.68847 0.72201 0.79181 0.39353 0.04002 0.68491 0.35543 0.57756 0.44914 0.32301 0.66200 0.40597 0.43146 0.70478 0.71241 0.51072 0.53040 0.68990
0.01550 0.31916 0.26442 0.16627 0.33106 0.01996 0.42407 0.34847 0.11816 0.01087 0.52424 0.62182 0.33273 0.24826 1.00000 0.21560 0.22476 0.21141 0.15145 0.07048 0.08239 0.08740 0.34537 0.63889 0.27583 0.19697 0.34148 0.03027 0.00746 0.08113 0.02769 0.14781 0.09911 0.27452 0.11861 0.16503 0.24476 0.21098 0.28823 0.12463 0.46445 0.17510 0.01810 0.00371 0.14515 0.11239 0.16681 0.68818 0.06272 0.82544 0.10042 0.31855 0.59413 0.16721 0.14157 0.19280 0.29286 0.28380 0.59084 0.60092 0.31335 0.25921 0.20907 0.07797 0.10315 0.16702 0.02958 0.63156 0.20059 0.19977 0.47331 0.19323 0.26292 0.25473 0.06179 0.12933 0.11476 0.01967 0.30835 0.01397 0.25902 0.03662 0.32612 0.08913 0.35058 0.22290 0.49518 0.52083 0.15231 0.02790 0.26104 0.22291 0.05545 0.05833 0.07542 0.23174 0.40992 0.18169 0.42247 0.37009 0.04070 0.22198 0.04049 0.65114 0.25528 0.02176 0.03142 0.35256 0.05477 0.28551 0.03970 0.07906 0.25746 0.10550 0.16315 0.34096 0.15071 0.10700 0.13594 0.18495 0.03879 0.03536 0.22344 0.08945 0.33262 0.27269 0.03230 0.24204 0.17831 0.31653 0.16456 0.09561 0.12725 0.31956 0.12390 0.00315 0.02667 0.01084 0.06080 0.01928 0.13974 0.47707 0.24479 0.68984 0.78129 0.26219 0.14182 0.03192 0.03672 0.17904 0.16146 0.03482 0.35117 0.00360 0.38691 0.07723 0.18303 0.33279 0.11021 0.23107 0.08973 0.09326 0.22687 0.65925 0.31082 0.12361 0.06937 0.29169 0.24268 0.12803 0.20313 0.09940 0.17405 0.17171 0.34429 0.21784 0.21926 0.15456 0.20290 0.50439 0.17139 0.58821 0.13522 0.03991 0.09465 0.21950 0.11279 0.12554 0.22672 0.16894 0.12442 0.10867 0.17088 0.26547 0.29078 0.12160 0.14335 0.10445 0.07871 0.13131 0.10280 0.01093 0.09877 0.22896 0.16123 0.08326 0.57115 0.02982 0.17422 0.12499 0.20244 0.25749 0.22336 0.40961 0.11358 0.11418
0.31668 0.90165 0.89550 0.77011 0.61946 0.49163 0.74321 0.90826 0.68571 0.36414 0.11914 0.38006 0.87487 0.83452 0.21560 1.00000 0.88236 0.83339 0.67504 0.70815 0.61510 0.68233 0.85674 0.38540 0.05299 0.75741 0.82768 0.31331 0.46131 0.69452 0.45887 0.74935 0.08012 0.45996 0.64916 0.00929 0.86730 0.88839 0.84138 0.78511 0.80609 0.67510 0.49904 0.64439 0.68546 0.08276 0.29814 0.23502 0.44207 0.29873 0.46296 0.63646 0.38409 0.39896 0.83485 0.81237 0.87662 0.80913 0.35604 0.33736 0.91030 0.13379 0.74177 0.77110 0.00440 0.62019 0.62062 0.26466 0.81370 0.74752 0.24483 0.93559 0.72873 0.71968 0.51535 0.75844 0.45377 0.45837 0.84077 0.48019 0.79147 0.04012 0.89132 0.56298 0.90180 0.44807 0.71624 0.30729 0.56498 0.45052 0.89244 0.85032 0.24392 0.62718 0.07723 0.86370 0.86431 0.66220 0.87154 0.86738 0.81049 0.86454 0.58754 0.12284 0.84379 0.57459 0.62391 0.88226 0.31523 0.87987 0.48123 0.05138 0.74935 0.66206 0.27765 0.08153 0.33520 0.55581 0.64821 0.75490 0.55371 0.59226 0.83655 0.71100 0.80665 0.13474 0.55681 0.90926 0.51522 0.84726 0.76771 0.68427 0.60421 0.87101 0.83588 0.59794 0.68302 0.68592 0.28659 0.51351 0.77411 0.77022 0.87914 0.24116 0.20308 0.74360 0.68908 0.36893 0.39593 0.81495 0.64988 0.76645 0.89119 0.60209 0.88542 0.53216 0.64108 0.85965 0.24322 0.80631 0.66317 0.40434 0.50817 0.25975 0.82921 0.71792 0.73144 0.89914 0.81993 0.45722 0.72632 0.75130 0.82994 0.30395 0.85311 0.84529 0.88255 0.65815 0.81662 0.08419 0.67177 0.38382 0.84117 0.43535 0.41682 0.82870 0.40293 0.81191 0.78461 0.75616 0.74937 0.52688 0.71572 0.82934 0.82115 0.81379 0.59737 0.57223 0.78306 0.84559 0.83405 0.52458 0.03937 0.76450 0.44208 0.70907 0.38205 0.36652 0.77191 0.51657 0.45036 0.80506 0.77813 0.68385 0.63538 0.75540
0.29305 0.90676 0.88377 0.75060 0.60458 0.55734 0.75261 0.86270 0.60540 0.40551 0.03289 0.37330 0.82996 0.76832 0.22476 0.88236 1.00000 0.87147 0.69192 0.74430 0.56276 0.69991 0.84052 0.37195 0.00002 0.81072 0.84799 0.31382 0.50884 0.68413 0.47890 0.74438 0.06541 0.46424 0.72189 0.09961 0.83703 0.90067 0.82467 0.73833 0.82916 0.62062 0.48549 0.70304 0.62497 0.02309 0.34965 0.21730 0.48017 0.33398 0.46648 0.58484 0.39753 0.41992 0.81443 0.82873 0.88663 0.81160 0.37386 0.31714 0.89271 0.15562 0.63056 0.76476 0.10005 0.63262 0.55667 0.23546 0.78473 0.81553 0.32176 0.88325 0.68966 0.67043 0.47361 0.78475 0.39968 0.43711 0.86652 0.45953 0.83009 0.00632 0.88564 0.63180 0.89607 0.48649 0.69683 0.30495 0.60103 0.34112 0.88949 0.86916 0.17278 0.66852 0.06070 0.88071 0.85116 0.71836 0.84948 0.82248 0.78638 0.82718 0.52761 0.13763 0.89784 0.57451 0.58591 0.87862 0.31439 0.87759 0.48031 0.06873 0.81832 0.62433 0.25762 0.06076 0.37901 0.51101 0.56103 0.79989 0.51265 0.57837 0.80144 0.72151 0.83100 0.17816 0.52418 0.88991 0.47575 0.89525 0.74433 0.74666 0.51323 0.89063 0.85293 0.56502 0.67269 0.62872 0.22767 0.55554 0.78831 0.77872 0.82060 0.29120 0.19001 0.79449 0.62555 0.39825 0.45499 0.86941 0.64103 0.78356 0.87377 0.49808 0.85621 0.42978 0.68698 0.83130 0.13654 0.78608 0.60390 0.37091 0.51509 0.20500 0.86050 0.71828 0.75031 0.92790 0.82783 0.46645 0.73385 0.70520 0.79533 0.24353 0.84421 0.80081 0.85901 0.58398 0.81426 0.00010 0.64466 0.39949 0.83536 0.41056 0.36573 0.86187 0.32157 0.81422 0.76353 0.79630 0.75096 0.50337 0.70156 0.82981 0.80680 0.83953 0.66877 0.53428 0.77049 0.85487 0.87806 0.57804 0.04349 0.78498 0.37263 0.80584 0.39761 0.32833 0.76091 0.51603 0.38154 0.76601 0.84233 0.65698 0.62278 0.73031
0.38458 0.82889 0.87662 0.74770 0.61348 0.49538 0.76854 0.82333 0.69479 0.50183 0.06940 0.28211 0.75050 0.72780 0.21141 0.83339 0.87147 1.00000 0.71756 0.74879 0.53713 0.70499 0.84332 0.24270 0.18132 0.79604 0.83088 0.42958 0.61485 0.74690 0.60187 0.73419 0.02077 0.46717 0.73530 0.16343 0.86035 0.86591 0.78508 0.73931 0.76904 0.68622 0.50561 0.70123 0.57488 0.03692 0.28746 0.18299 0.54801 0.34055 0.56541 0.64736 0.32723 0.50764 0.82875 0.77750 0.81019 0.83351 0.29997 0.22884 0.83445 0.02439 0.65282 0.70205 0.10123 0.71008 0.64581 0.17909 0.76348 0.84731 0.27773 0.85417 0.71256 0.68371 0.55750 0.75793 0.53546 0.53427 0.81941 0.54557 0.81898 0.10819 0.88354 0.72821 0.81544 0.49279 0.68018 0.16924 0.63009 0.30665 0.86264 0.81141 0.25710 0.76496 0.00010 0.87858 0.79344 0.65970 0.78667 0.77814 0.79324 0.83422 0.62064 0.02360 0.86340 0.60246 0.69717 0.86681 0.41058 0.88208 0.60761 0.04880 0.84740 0.66246 0.15584 0.00098 0.48559 0.60737 0.66052 0.78040 0.63333 0.62159 0.84502 0.77536 0.81648 0.01791 0.61802 0.83597 0.53238 0.81225 0.74793 0.80022 0.60891 0.78935 0.85923 0.60500 0.67526 0.69197 0.20973 0.61351 0.79898 0.72192 0.82769 0.25447 0.09346 0.72242 0.68246 0.48357 0.60906 0.86648 0.61277 0.78981 0.84984 0.64064 0.81854 0.39428 0.65648 0.79672 0.13921 0.76448 0.48418 0.51134 0.56678 0.08602 0.82202 0.74329 0.80278 0.87535 0.78299 0.55425 0.79813 0.75502 0.78182 0.36611 0.74967 0.80452 0.77766 0.67095 0.81275 0.03784 0.63282 0.32065 0.77349 0.53361 0.36391 0.82956 0.33360 0.72645 0.85258 0.79253 0.76398 0.59573 0.76071 0.83470 0.77982 0.86306 0.64429 0.60245 0.80156 0.83972 0.79534 0.72047 0.11696 0.81230 0.39200 0.82305 0.31402 0.42884 0.74846 0.64251 0.41287 0.80068 0.79758 0.62158 0.69860 0.73921
0.43157 0.69326 0.64540 0.56413 0.67489 0.79278 0.55388 0.67455 0.44292 0.56841 0.17683 0.17656 0.68501 0.63379 0.15145 0.67504 0.69192 0.71756 1.00000 0.67913 0.55053 0.66045 0.66146 0.10701 0.14593 0.60380 0.75210 0.48651 0.54636 0.60703 0.60933 0.43449 0.26352 0.40761 0.81820 0.17075 0.67067 0.72543 0.73630 0.61494 0.65771 0.53685 0.39948 0.75435 0.47804 0.30368 0.19964 0.11696 0.41164 0.29363 0.44492 0.78115 0.27114 0.40492 0.56897 0.74562 0.75079 0.52709 0.22058 0.11709 0.66084 0.04768 0.46357 0.72302 0.19051 0.62304 0.56651 0.14829 0.50690 0.66296 0.15589 0.67648 0.55697 0.57764 0.49526 0.83864 0.44792 0.62015 0.74689 0.53313 0.58124 0.13479 0.69551 0.67044 0.70456 0.32459 0.51074 0.19607 0.54420 0.29272 0.66712 0.79473 0.47918 0.69839 0.17205 0.74218 0.59641 0.89946 0.67908 0.57163 0.60064 0.64153 0.58104 0.05827 0.84674 0.62909 0.62791 0.73201 0.58307 0.67934 0.59268 0.10126 0.74376 0.48065 0.46707 0.10368 0.61089 0.48046 0.50758 0.63721 0.69604 0.41286 0.60344 0.53167 0.81955 0.01155 0.41758 0.71278 0.54164 0.76122 0.75780 0.55908 0.51690 0.71129 0.68629 0.55327 0.45260 0.59577 0.22418 0.61521 0.62090 0.57248 0.64400 0.30145 0.10703 0.69062 0.56002 0.57671 0.62609 0.67899 0.87028 0.68391 0.77713 0.53453 0.60681 0.36410 0.79824 0.60925 0.10238 0.64500 0.41848 0.49133 0.55343 0.09286 0.78058 0.53399 0.61376 0.72193 0.64763 0.42473 0.58694 0.63579 0.63451 0.28025 0.73666 0.69446 0.69528 0.58505 0.57056 0.09683 0.67836 0.22971 0.60069 0.46512 0.71714 0.74799 0.32803 0.51936 0.60528 0.69881 0.54767 0.58876 0.64766 0.53332 0.64672 0.58717 0.82727 0.51971 0.62361 0.60117 0.76576 0.60073 0.02566 0.58897 0.48397 0.67547 0.27907 0.38721 0.53805 0.66608 0.64963 0.53734 0.66625 0.52235 0.49483 0.57975
0.47481 0.67862 0.72544 0.74528 0.53960 0.60562 0.53422 0.68095 0.71246 0.59548 0.00543 0.03494 0.65851 0.67980 0.07048 0.70815 0.74430 0.74879 0.67913 1.00000 0.44795 0.74944 0.63713 0.00129 0.07200 0.76414 0.61463 0.57267 0.58246 0.62167 0.54124 0.66442 0.23626 0.44067 0.67509 0.32722 0.70175 0.72866 0.71884 0.69948 0.56874 0.64711 0.56977 0.76113 0.65111 0.08692 0.28359 0.04689 0.37055 0.22883 0.67519 0.63604 0.11538 0.67611 0.69370 0.80816 0.67862 0.66933 0.05248 0.02664 0.67111 0.05082 0.65985 0.56481 0.02381 0.72686 0.71239 0.05866 0.63838 0.63121 0.10649 0.72302 0.70449 0.62311 0.64688 0.62377 0.55839 0.65618 0.71443 0.48710 0.71001 0.27220 0.68564 0.58960 0.67798 0.34650 0.50059 0.00672 0.61439 0.23750 0.66769 0.72065 0.26462 0.73101 0.06660 0.80494 0.67351 0.63216 0.61917 0.60156 0.72975 0.71222 0.67688 0.14647 0.78192 0.66350 0.74754 0.69470 0.58669 0.76725 0.52960 0.10309 0.70308 0.65122 0.35992 0.07881 0.61764 0.70647 0.71494 0.68858 0.60076 0.60521 0.64406 0.68095 0.65644 0.12041 0.65696 0.69809 0.40277 0.72048 0.76593 0.72720 0.62911 0.71023 0.74493 0.47986 0.71216 0.50630 0.30412 0.50864 0.75145 0.51789 0.65239 0.26057 0.08246 0.62600 0.70061 0.66086 0.67656 0.76625 0.59320 0.86046 0.67673 0.60844 0.65204 0.30470 0.76102 0.64311 0.13906 0.75481 0.44259 0.58964 0.57530 0.12383 0.62794 0.55838 0.64068 0.71804 0.71358 0.35994 0.71194 0.77628 0.70740 0.52179 0.69348 0.71271 0.73042 0.72367 0.69342 0.05495 0.50107 0.08055 0.74766 0.54141 0.44392 0.72359 0.34576 0.61580 0.67404 0.66739 0.73134 0.67941 0.76664 0.65639 0.78207 0.74279 0.66636 0.62430 0.64856 0.76380 0.73087 0.60329 0.21315 0.67445 0.21169 0.80031 0.11057 0.47918 0.57013 0.52665 0.48425 0.68398 0.68288 0.52942 0.59325 0.72357
0.32731 0.51631 0.53849 0.40450 0.57173 0.32355 0.54630 0.57738 0.45495 0.43252 0.32275 0.12039 0.59016 0.56547 0.08239 0.61510 0.56276 0.53713 0.55053 0.44795 1.00000 0.51506 0.60337 0.07482 0.44811 0.41692 0.59100 0.38230 0.52137 0.66786 0.59850 0.40580 0.20789 0.64198 0.56303 0.10439 0.58734 0.60491 0.55284 0.52378 0.62687 0.60250 0.19000 0.45056 0.45524 0.36593 0.02188 0.12697 0.62986 0.16045 0.29933 0.49568 0.11185 0.17237 0.54459 0.59182 0.68288 0.50976 0.11735 0.16158 0.51940 0.13397 0.44784 0.76911 0.28321 0.54630 0.37349 0.04541 0.59348 0.57505 0.10070 0.61103 0.47257 0.38035 0.41899 0.67548 0.44859 0.46075 0.60740 0.57778 0.50120 0.11249 0.57141 0.56188 0.56915 0.60001 0.61575 0.03679 0.48495 0.87708 0.56928 0.55530 0.59019 0.45403 0.27599 0.61219 0.56039 0.57312 0.63246 0.63893 0.47927 0.57389 0.41180 0.11336 0.57466 0.39039 0.41560 0.64751 0.15922 0.58412 0.58963 0.34855 0.47291 0.44899 0.19389 0.04682 0.21659 0.40337 0.44431 0.34328 0.60887 0.44817 0.59397 0.59381 0.62858 0.14147 0.41850 0.55790 0.74739 0.49593 0.52064 0.44311 0.54492 0.57584 0.54626 0.89399 0.45912 0.81317 0.35268 0.58795 0.41471 0.65322 0.55011 0.03766 0.06255 0.41789 0.53008 0.21863 0.23892 0.46547 0.65210 0.51728 0.57047 0.44495 0.55714 0.89173 0.34648 0.51513 0.64527 0.53916 0.53061 0.35402 0.36577 0.13628 0.60717 0.56671 0.67830 0.55966 0.58673 0.64529 0.52229 0.54592 0.56396 0.28173 0.55341 0.61392 0.62387 0.38225 0.58959 0.30078 0.87295 0.17029 0.45554 0.43285 0.62014 0.52350 0.77553 0.44948 0.54223 0.65225 0.47076 0.22303 0.53495 0.54163 0.56254 0.52062 0.39266 0.48725 0.63231 0.58196 0.55335 0.53701 0.01679 0.55906 0.71046 0.44153 0.06195 0.48008 0.75343 0.59517 0.48703 0.51393 0.39980 0.57922 0.52733 0.58980
0.57464 0.60169 0.65962 0.69536 0.51665 0.58334 0.49422 0.63849 0.67245 0.53646 0.00008 0.00239 0.61977 0.59846 0.08740 0.68233 0.69991 0.70499 0.66045 0.74944 0.51506 1.00000 0.62573 0.07931 0.30109 0.69829 0.62660 0.58747 0.56372 0.64986 0.65057 0.67819 0.10867 0.33882 0.76358 0.30569 0.76769 0.69026 0.62827 0.70219 0.50223 0.65861 0.46392 0.79810 0.68035 0.13051 0.33175 0.08710 0.50936 0.01737 0.64175 0.59584 0.05150 0.61496 0.66980 0.68574 0.70904 0.66137 0.02544 0.00964 0.62565 0.28412 0.57513 0.66987 0.18206 0.65293 0.74914 0.08090 0.59307 0.66417 0.08932 0.65332 0.64444 0.65900 0.59408 0.70776 0.52479 0.66901 0.69464 0.64258 0.72625 0.27045 0.68182 0.67966 0.57468 0.34236 0.38352 0.04435 0.61009 0.35816 0.62058 0.64584 0.31021 0.74083 0.03008 0.73225 0.56027 0.57219 0.56078 0.49664 0.76815 0.71506 0.64471 0.19781 0.70697 0.72910 0.75633 0.67581 0.53139 0.75842 0.68927 0.04522 0.62814 0.72550 0.17953 0.01501 0.65398 0.63556 0.57543 0.65470 0.67837 0.66315 0.59969 0.71500 0.62623 0.25707 0.70880 0.63631 0.46126 0.57818 0.65450 0.74359 0.63228 0.62903 0.70782 0.60317 0.68665 0.64029 0.46827 0.67818 0.64200 0.42650 0.70061 0.08669 0.16760 0.45850 0.66682 0.57780 0.61162 0.71939 0.56950 0.75814 0.65619 0.62798 0.52159 0.43244 0.66047 0.59549 0.23847 0.64092 0.41264 0.52225 0.51375 0.13953 0.66463 0.67290 0.73660 0.61531 0.74291 0.44917 0.68230 0.76404 0.61860 0.61187 0.56712 0.65055 0.64102 0.65201 0.69570 0.05966 0.52288 0.05370 0.68846 0.67429 0.44356 0.63014 0.46800 0.60132 0.62136 0.77211 0.76762 0.68262 0.69254 0.62445 0.67712 0.78443 0.62242 0.56854 0.75907 0.73758 0.68110 0.70633 0.07339 0.71348 0.35671 0.77936 0.04605 0.52193 0.61537 0.60061 0.41998 0.68507 0.57772 0.45195 0.68885 0.78083
0.32721 0.84383 0.84834 0.69396 0.70762 0.40822 0.78842 0.88813 0.63932 0.38066 0.24309 0.42871 0.87514 0.79128 0.34537 0.85674 0.84052 0.84332 0.66146 0.63713 0.60337 0.62573 1.00000 0.45424 0.09780 0.74170 0.83619 0.32508 0.45402 0.71263 0.51674 0.70625 0.05569 0.53763 0.66989 0.01061 0.88818 0.80878 0.80244 0.75695 0.85662 0.67683 0.43220 0.62279 0.65657 0.01009 0.24190 0.30069 0.56934 0.40569 0.47636 0.62044 0.44343 0.33182 0.79234 0.74902 0.84881 0.84390 0.42497 0.40349 0.88397 0.09124 0.66476 0.74914 0.00493 0.61017 0.52622 0.32849 0.73994 0.73017 0.30098 0.84816 0.68882 0.71204 0.46429 0.76115 0.45812 0.41500 0.81483 0.53970 0.80651 0.00674 0.90432 0.64493 0.85866 0.56515 0.76856 0.31178 0.53879 0.39985 0.84799 0.80270 0.27281 0.65529 0.07122 0.86924 0.86955 0.62805 0.87049 0.87451 0.73523 0.87698 0.55486 0.20643 0.81696 0.51778 0.57213 0.89773 0.22601 0.86492 0.54251 0.12468 0.79712 0.63244 0.16288 0.04834 0.30722 0.50823 0.60220 0.80520 0.57561 0.53380 0.82288 0.70972 0.79075 0.12999 0.53649 0.83201 0.57904 0.80912 0.70686 0.68846 0.55909 0.86657 0.78113 0.57793 0.57458 0.67603 0.21169 0.55976 0.71477 0.82248 0.85131 0.31934 0.26523 0.67908 0.66956 0.40089 0.43133 0.82122 0.61598 0.66922 0.88442 0.54267 0.87407 0.49208 0.65732 0.85789 0.24040 0.76347 0.49297 0.33550 0.53252 0.31499 0.83175 0.72125 0.77148 0.86542 0.81547 0.55417 0.75788 0.73815 0.75480 0.26568 0.78947 0.80013 0.80226 0.56697 0.72841 0.20004 0.63420 0.45582 0.80788 0.44677 0.41123 0.78926 0.37229 0.77994 0.79444 0.80549 0.70238 0.52236 0.65015 0.85569 0.81018 0.80410 0.55808 0.57770 0.77276 0.78600 0.76858 0.57270 0.00454 0.83810 0.51067 0.67527 0.42403 0.32730 0.79424 0.54775 0.42094 0.83891 0.69726 0.72497 0.65244 0.67024
