1.00000,0.35518,0.35284,0.34543,0.42168,0.37854,0.36757,0.35311,0.33178,0.53455,0.37262,0.53736,0.33214,0.30681,0.54875,0.34716,0.32632,0.32191,0.39130,0.38224,0.70208,0.29478,0.32175,0.70013,0.64228,0.33795,0.37208,0.57661,0.45800,0.44979,0.44268,0.31674,0.45708,0.44005,0.35978,0.35696,0.37588,0.33816,0.34055,0.34001,0.35817,0.36523,0.33163,0.37004,0.31639,0.56173,0.60881,0.55074,0.39714,0.33232,0.40897,0.71442,0.55714,0.34043,0.35680,0.30608,0.35909,0.37191,0.42674,0.64835,0.33448,0.66209,0.38390,0.28041,0.63582,0.52454,0.34989,0.54075,0.36070,0.32043,0.61922,0.33002,0.43340,0.29426,0.41837,0.39064,0.58010,0.70362,0.32072,0.44068,0.35717,0.38029,0.34147,0.41060,0.32705,0.77821,0.35244,0.70595,0.37148,0.72499,0.33552,0.35233,0.53894,0.37907,0.39583,0.32644,0.35560,0.35031,0.35237,0.35082,0.34925,0.34423,0.42599,0.68465,0.35052,0.38502,0.36169,0.31561,0.42744,0.34498,0.51983,0.65853,0.31404,0.30587,0.39770,0.62296,0.40570,0.36858,0.30096,0.34862,0.67184,0.32724,0.32317,0.37961,0.36942,0.60986,0.37523,0.35406,0.57323,0.35485,0.33846,0.33656,0.24019,0.31542,0.32143,0.60255,0.33098,0.41520,0.47321,0.44237,0.30496,0.35143,0.33223,0.43701,0.55939,0.33216,0.32765,0.42463,0.36891,0.32458,0.40809,0.34603,0.37810,0.41096,0.33821,0.41421,0.38728,0.37636,0.51051,0.34656,0.34184,0.60036,0.39176,0.46895,0.36503,0.32580,0.36962,0.32885,0.30981,0.55256,0.30860,0.31706,0.32884,0.51065,0.34863,0.35288,0.33797,0.40929,0.35760,0.44029,0.61764,0.56342,0.28343,0.53886,0.59114,0.36406,0.69673,0.32621,0.40893,0.38610,0.38772,0.43171,0.39142,0.42379,0.35841,0.34511,0.37673,0.48766,0.39777,0.34923,0.34753,0.40744,0.19369,0.35611,0.57428,0.34912,0.75897,0.58588,0.36165,0.62068,0.63484,0.33496,0.33715,0.37643,0.34052,0.37384
0.35518,1.00000,0.98984,0.98503,0.42681,0.46202,0.98937,0.97554,0.85505,0.46614,0.29053,0.17936,0.97399,0.96525,0.19446,0.98899,0.99656,0.99401,0.40455,0.97254,0.20759,0.97210,0.90012,0.17006,0.15804,0.97330,0.95693,0.25264,0.61075,0.69730,0.66499,0.98197,0.25408,0.27439,0.96420,0.24822,0.94747,0.98788,0.96131,0.94570,0.99057,0.83953,0.94122,0.93917,0.97473,0.14400,0.21414,0.22901,0.21705,0.19919,0.87069,0.34736,0.23693,0.94825,0.98185,0.94648,0.91552,0.91230,0.27820,0.22701,0.99786,0.20740,0.91915,0.26430,0.17812,0.66875,0.95482,0.19407,0.97228,0.98553,0.15703,0.98763,0.95225,0.98108,0.83531,0.40125,0.66589,0.19041,0.95979,0.70819,0.95384,0.30566,0.99508,0.44286,0.98993,0.24645,0.97497,0.17975,0.50271,0.20823,0.99505,0.96817,0.17500,0.91804,0.26783,0.97814,0.92457,0.42514,0.94199,0.99610,0.98242,0.94796,0.74225,0.17932,0.98756,0.76371,0.86451,0.98413,0.63431,0.98218,0.36894,0.20192,0.99139,0.97608,0.54039,0.22703,0.49990,0.59182,0.92808,0.98753,0.21193,0.98976,0.99363,0.89676,0.92923,0.19484,0.95009,0.99779,0.13382,0.95030,0.97882,0.97241,0.80559,0.96835,0.98736,0.20502,0.99278,0.50372,0.54453,0.70682,0.97234,0.99388,0.95648,0.24555,0.20365,0.94059,0.81036,0.45135,0.77531,0.96136,0.31989,0.98452,0.98441,0.77364,0.95737,0.26036,0.92099,0.92486,0.24705,0.95169,0.93705,0.32146,0.74168,0.29855,0.88585,0.91179,0.50783,0.99170,0.98058,0.28202,0.92865,0.98316,0.98021,0.38497,0.98224,0.97838,0.97911,0.83045,0.96868,0.35747,0.22960,0.21700,0.94811,0.65715,0.17062,0.95809,0.16778,0.98052,0.96783,0.84878,0.94630,0.93477,0.90605,0.88753,0.94328,0.99359,0.92784,0.87046,0.93643,0.99550,0.97406,0.64405,0.26353,0.97245,0.12085,0.99197,0.20682,0.15043,0.84184,0.29361,0.16988,0.98219,0.95682,0.94514,0.98194,0.97338
0.35284,0.98984,1.00000,0.99093,0.44938,0.47695,0.98795,0.97362,0.83668,0.46847,0.29040,0.16896,0.97367,0.96535,0.19456,0.98427,0.98867,0.99032,0.41984,0.98236,0.20941,0.96396,0.89003,0.17460,0.15564,0.96987,0.96255,0.25641,0.63986,0.71110,0.68590,0.97722,0.26886,0.27723,0.97881,0.25157,0.94787,0.98455,0.95621,0.95502,0.98854,0.81665,0.94940,0.95813,0.96805,0.17512,0.20142,0.24763,0.23326,0.18662,0.89827,0.35581,0.21749,0.96225,0.98348,0.94824,0.92077,0.89942,0.27335,0.23115,0.98890,0.19614,0.90911,0.28273,0.17025,0.68290,0.95487,0.19656,0.96404,0.98878,0.15212,0.98610,0.95677,0.97476,0.85066,0.41956,0.67751,0.17590,0.95782,0.71684,0.95509,0.30410,0.99470,0.45405,0.98436,0.25413,0.98211,0.16984,0.51676,0.22183,0.98615,0.96220,0.21190,0.93939,0.25718,0.97964,0.91902,0.42862,0.93532,0.99011,0.97639,0.95488,0.76672,0.18402,0.98838,0.79639,0.87414,0.98343,0.64559,0.98554,0.37940,0.18608,0.98220,0.98229,0.55220,0.21378,0.51263,0.60772,0.91829,0.98595,0.20847,0.98034,0.99147,0.87894,0.93798,0.21558,0.95795,0.98937,0.14122,0.94519,0.98679,0.97620,0.79913,0.96625,0.98617,0.21242,0.99370,0.52405,0.55236,0.72755,0.96611,0.99101,0.95294,0.22946,0.19834,0.93525,0.79892,0.46412,0.79753,0.95286,0.35492,0.99338,0.98707,0.77803,0.95914,0.27449,0.94092,0.91820,0.25400,0.95674,0.93779,0.30699,0.76263,0.30439,0.87532,0.92785,0.53460,0.98828,0.97850,0.29705,0.93841,0.97953,0.98217,0.40346,0.97601,0.98641,0.97220,0.83851,0.98254,0.37553,0.24827,0.19853,0.94624,0.66326,0.18001,0.94998,0.18083,0.97965,0.97206,0.86925,0.94680,0.93033,0.90946,0.86861,0.94940,0.99240,0.95447,0.86915,0.94464,0.99527,0.96173,0.65882,0.26946,0.96292,0.11480,0.98928,0.19410,0.13694,0.83099,0.30964,0.16932,0.97859,0.94898,0.96823,0.98004,0.98024
0.34543,0.98503,0.99093,1.00000,0.46179,0.51729,0.99193,0.98668,0.87018,0.46776,0.31011,0.17375,0.98595,0.94330,0.20734,0.97195,0.97984,0.98336,0.43566,0.98983,0.19608,0.97756,0.92052,0.16669,0.15631,0.95305,0.94701,0.26398,0.66612,0.71997,0.70961,0.96073,0.26199,0.30157,0.97824,0.27839,0.96719,0.97010,0.93446,0.97349,0.97703,0.85578,0.94461,0.97236,0.98137,0.16628,0.18116,0.24043,0.22875,0.19782,0.91188,0.35047,0.23259,0.96437,0.99082,0.93396,0.94710,0.92881,0.27777,0.22811,0.98162,0.19716,0.93430,0.27962,0.17713,0.70104,0.97312,0.21343,0.97811,0.99217,0.15693,0.97834,0.96853,0.98103,0.85851,0.42991,0.67849,0.16076,0.93860,0.71711,0.97294,0.34277,0.99291,0.48356,0.97037,0.24984,0.98021,0.16348,0.55187,0.19590,0.98634,0.94356,0.19396,0.95663,0.25340,0.96327,0.94376,0.44963,0.95801,0.99073,0.98630,0.97461,0.80502,0.17384,0.98803,0.82315,0.90849,0.98988,0.67823,0.99189,0.37932,0.18523,0.98248,0.97462,0.59607,0.21035,0.55199,0.64745,0.92655,0.97881,0.20401,0.97657,0.98049,0.90950,0.92215,0.22513,0.97684,0.98067,0.11852,0.92097,0.97726,0.98130,0.82624,0.94680,0.98097,0.21299,0.99374,0.56070,0.52620,0.72034,0.94433,0.97966,0.96997,0.23301,0.15119,0.92003,0.81501,0.47729,0.83110,0.93960,0.33954,0.98458,0.99433,0.77761,0.94045,0.27299,0.94575,0.94403,0.25498,0.93980,0.91341,0.28620,0.78934,0.32879,0.90822,0.95138,0.57585,0.99113,0.98905,0.30939,0.95646,0.98378,0.96579,0.39001,0.96037,0.99250,0.95364,0.84540,0.99067,0.38347,0.23306,0.19927,0.92494,0.66581,0.17760,0.92994,0.17542,0.96557,0.98107,0.90017,0.96793,0.94829,0.92834,0.89579,0.93278,0.99063,0.96180,0.88569,0.96705,0.99084,0.95437,0.69481,0.29152,0.97673,0.10891,0.98369,0.17783,0.12593,0.86856,0.28629,0.16199,0.98710,0.92784,0.97739,0.98606,0.98881
0.42168,0.42681,0.44938,0.46179,1.00000,0.89121,0.45859,0.47506,0.44271,0.73452,0.85919,0.39650,0.47428,0.38441,0.53653,0.41516,0.41565,0.42097,0.88263,0.48596,0.31233,0.43148,0.47401,0.56088,0.45264,0.39360,0.42712,0.70961,0.88119,0.83355,0.84210,0.38588,0.76677,0.78254,0.49473,0.80496,0.46201,0.42990,0.40261,0.45271,0.42718,0.48751,0.40979,0.54969,0.43692,0.56270,0.16099,0.64388,0.68182,0.29955,0.58560,0.69385,0.19297,0.52016,0.45147,0.39286,0.47988,0.50871,0.18160,0.60131,0.41404,0.25723,0.46849,0.78983,0.50487,0.75783,0.46160,0.44153,0.46383,0.45410,0.47359,0.43493,0.53189,0.38834,0.69358,0.89074,0.77222,0.39262,0.41390,0.60237,0.46694,0.86174,0.43653,0.92288,0.39475,0.49757,0.47546,0.33102,0.87328,0.27847,0.42716,0.39112,0.59870,0.59404,0.18326,0.39727,0.45247,0.89287,0.46596,0.45102,0.42087,0.46060,0.52996,0.33127,0.46258,0.79104,0.50686,0.44786,0.83915,0.46812,0.76287,0.26735,0.42935,0.41834,0.83485,0.18171,0.86443,0.71800,0.29961,0.42824,0.37952,0.39556,0.40522,0.44332,0.44036,0.59132,0.49664,0.42021,0.45084,0.39773,0.42745,0.46654,0.22204,0.38470,0.42984,0.65290,0.45698,0.88271,0.67963,0.70469,0.38050,0.43874,0.44921,0.13178,0.35816,0.39848,0.26246,0.86335,0.67918,0.40022,0.80220,0.45008,0.47461,0.49905,0.42824,0.79855,0.54302,0.51491,0.71316,0.43052,0.38718,0.53788,0.77138,0.81422,0.49827,0.46595,0.87137,0.45455,0.42519,0.77730,0.40380,0.40900,0.42284,0.60917,0.41567,0.48511,0.40427,0.64656,0.46141,0.82708,0.62981,0.15701,0.29754,0.68060,0.63371,0.41054,0.54191,0.37155,0.49947,0.64176,0.47477,0.50724,0.41260,0.54423,0.42673,0.42212,0.54689,0.58833,0.49411,0.44618,0.41306,0.76890,0.82223,0.43391,0.50594,0.45282,0.17396,0.38538,0.52990,0.54798,0.53752,0.43874,0.39847,0.53444,0.43349,0.47443
0.37854,0.46202,0.47695,0.51729,0.89121,1.00000,0.51445,0.54404,0.55185,0.70351,0.78636,0.37876,0.54653,0.37453,0.53427,0.44129,0.44331,0.44309,0.84433,0.54617,0.26918,0.51109,0.57508,0.50354,0.43527,0.38218,0.40246,0.64320,0.89102,0.85466,0.86296,0.38148,0.65273,0.78268,0.51184,0.76993,0.56389,0.43886,0.37305,0.54209,0.43435,0.62512,0.43057,0.63205,0.50958,0.45663,0.10322,0.60126,0.61907,0.20122,0.62737,0.64053,0.17900,0.54073,0.50660,0.37826,0.58197,0.59545,0.09146,0.55295,0.44297,0.22821,0.58534,0.64153,0.46878,0.78019,0.54760,0.39764,0.53694,0.50785,0.45782,0.45578,0.57929,0.45814,0.71997,0.84202,0.77747,0.31240,0.38259,0.53042,0.55357,0.88722,0.48291,0.92835,0.39733,0.43887,0.49577,0.26557,0.89379,0.22168,0.47621,0.37093,0.50782,0.66724,0.11664,0.39341,0.55150,0.82851,0.55655,0.49974,0.48843,0.55296,0.62652,0.25003,0.49766,0.85641,0.62639,0.52244,0.94766,0.53112,0.66596,0.24910,0.47640,0.45298,0.96921,0.13599,0.98054,0.88250,0.35046,0.44550,0.32644,0.42400,0.42556,0.55761,0.39475,0.53124,0.58132,0.44824,0.38024,0.35065,0.44261,0.51498,0.31791,0.36656,0.46162,0.54641,0.50283,0.96770,0.50019,0.62655,0.36621,0.45712,0.53778,0.06936,0.29136,0.36817,0.32026,0.84080,0.82194,0.38736,0.68812,0.46228,0.53657,0.49229,0.40531,0.73092,0.54866,0.58918,0.59321,0.40274,0.33967,0.40960,0.85558,0.81641,0.60011,0.57268,0.97312,0.51059,0.50155,0.79787,0.51122,0.43930,0.41765,0.59413,0.41133,0.54884,0.39321,0.66694,0.53131,0.83970,0.59331,0.09843,0.28807,0.70049,0.60902,0.37401,0.49189,0.39846,0.54754,0.76556,0.56270,0.56217,0.49720,0.63555,0.38569,0.47328,0.58436,0.63996,0.58819,0.47572,0.41877,0.88367,0.61301,0.51151,0.43659,0.47077,0.11430,0.39124,0.65327,0.48166,0.48938,0.49347,0.36507,0.59611,0.50337,0.54286
0.36757,0.98937,0.98795,0.99193,0.45859,0.51445,1.00000,0.99385,0.88284,0.46091,0.31343,0.19692,0.98903,0.93592,0.21985,0.96954,0.98157,0.98342,0.43785,0.98686,0.22608,0.98619,0.94004,0.17716,0.16887,0.95213,0.93930,0.26978,0.65672,0.72208,0.69603,0.95651,0.27805,0.30658,0.96492,0.27169,0.97626,0.96734,0.93029,0.97494,0.97560,0.88493,0.93419,0.96595,0.98994,0.16983,0.22976,0.24478,0.24965,0.21971,0.89362,0.34452,0.25266,0.95088,0.99463,0.92882,0.95546,0.94731,0.30148,0.23864,0.98457,0.22243,0.94997,0.29329,0.18922,0.69262,0.98054,0.21431,0.98722,0.99216,0.17818,0.97816,0.97745,0.97827,0.85005,0.43020,0.67923,0.19210,0.93260,0.70225,0.97757,0.33653,0.99456,0.48249,0.96867,0.25612,0.97583,0.18007,0.54286,0.21764,0.99348,0.94284,0.19890,0.95359,0.29041,0.95584,0.95935,0.45160,0.97186,0.99492,0.99348,0.97655,0.79981,0.18748,0.99048,0.80921,0.91425,0.99365,0.67921,0.99121,0.37311,0.21505,0.98728,0.96712,0.59424,0.24170,0.55601,0.64216,0.92945,0.97598,0.22185,0.98147,0.97975,0.93152,0.91220,0.22745,0.97576,0.98419,0.13570,0.91885,0.97024,0.98057,0.82351,0.93799,0.97867,0.22217,0.99100,0.55716,0.53867,0.68814,0.94228,0.97820,0.98134,0.26201,0.20575,0.92096,0.81824,0.47382,0.83369,0.94295,0.33652,0.98078,0.99470,0.78869,0.93072,0.28717,0.92653,0.95890,0.26625,0.93413,0.90734,0.30757,0.79123,0.33208,0.93015,0.95008,0.56931,0.99483,0.99201,0.31271,0.95660,0.98680,0.95897,0.38703,0.95688,0.99141,0.95218,0.83547,0.98658,0.39611,0.24921,0.23519,0.91559,0.66704,0.19085,0.93112,0.18001,0.96208,0.98065,0.89850,0.97688,0.95884,0.92989,0.91959,0.91947,0.99303,0.94739,0.89459,0.96964,0.98989,0.96470,0.68905,0.28222,0.98486,0.12754,0.98774,0.21701,0.14862,0.89349,0.30906,0.18507,0.99223,0.92749,0.96790,0.98834,0.98628
0.35311,0.97554,0.97362,0.98668,0.47506,0.54404,0.99385,1.00000,0.90064,0.44585,0.33475,0.19770,0.99356,0.90946,0.22144,0.94805,0.96348,0.97005,0.46335,0.98397,0.21554,0.99190,0.96546,0.17618,0.16022,0.93125,0.91780,0.28808,0.68053,0.73726,0.71725,0.93244,0.28438,0.32638,0.95612,0.29504,0.98618,0.94477,0.90299,0.98577,0.95628,0.91506,0.91961,0.97304,0.99507,0.17044,0.22222,0.24449,0.25791,0.21063,0.89430,0.32924,0.23725,0.94640,0.99492,0.91296,0.97388,0.96954,0.28892,0.24514,0.96916,0.21585,0.96531,0.30145,0.19360,0.70650,0.98968,0.21841,0.99137,0.98813,0.17556,0.96285,0.97979,0.97674,0.84914,0.44903,0.67489,0.17751,0.91101,0.68762,0.98754,0.36116,0.98467,0.51351,0.94726,0.25061,0.96851,0.16243,0.57497,0.20122,0.98652,0.91735,0.19895,0.96317,0.26498,0.93272,0.97716,0.47540,0.98760,0.98736,0.99322,0.98649,0.82738,0.17536,0.98292,0.82589,0.94173,0.99310,0.70056,0.98965,0.36469,0.20223,0.97915,0.95241,0.62390,0.23382,0.58734,0.66454,0.92954,0.96141,0.21761,0.97072,0.96094,0.95259,0.89367,0.22198,0.98347,0.96640,0.12626,0.89020,0.95514,0.97891,0.83024,0.91099,0.96815,0.22434,0.98129,0.58308,0.51707,0.67618,0.91494,0.95713,0.99262,0.25352,0.18674,0.90322,0.82252,0.49812,0.85919,0.92688,0.34198,0.96605,0.99188,0.78767,0.90507,0.30187,0.92395,0.97912,0.26900,0.91531,0.87877,0.27534,0.81419,0.35070,0.95677,0.96491,0.60211,0.98931,0.99370,0.32385,0.96529,0.98307,0.93640,0.37257,0.93204,0.98768,0.92766,0.83831,0.98368,0.41025,0.24907,0.22528,0.88769,0.66534,0.19575,0.90682,0.17802,0.93782,0.97744,0.91615,0.98732,0.96685,0.93338,0.93900,0.89741,0.98202,0.94708,0.90582,0.98143,0.97818,0.95255,0.71622,0.31315,0.98728,0.12953,0.97529,0.20368,0.14135,0.92578,0.29938,0.18262,0.99198,0.90152,0.96694,0.98153,0.98611
0.33178,0.85505,0.83668,0.87018,0.44271,0.55185,0.88284,0.90064,1.00000,0.43668,0.39420,0.21500,0.91484,0.76108,0.25122,0.80793,0.83855,0.84364,0.47224,0.87938,0.21165,0.91180,0.91921,0.20572,0.18316,0.79319,0.78424,0.31053,0.64377,0.71045,0.72370,0.79685,0.30331,0.41354,0.81891,0.37207,0.91038,0.81712,0.77078,0.89283,0.81619,0.91192,0.81953,0.87289,0.90455,0.18278,0.12372,0.23965,0.32392,0.18372,0.86385,0.36656,0.19785,0.84658,0.88522,0.78175,0.90508,0.92622,0.12705,0.27113,0.85102,0.16544,0.93951,0.32622,0.17796,0.72749,0.90530,0.25429,0.93061,0.86208,0.19812,0.83366,0.87962,0.89304,0.79274,0.46760,0.67002,0.18173,0.77258,0.67876,0.92460,0.43064,0.86761,0.54082,0.81587,0.24936,0.83718,0.13821,0.54129,0.12392,0.87538,0.79063,0.17275,0.87412,0.22164,0.79027,0.91766,0.49049,0.91678,0.87218,0.90131,0.91481,0.83350,0.13293,0.86068,0.76166,0.89079,0.88728,0.67441,0.89554,0.42375,0.17551,0.87167,0.83412,0.61400,0.13274,0.60059,0.63690,0.87097,0.83311,0.17513,0.85669,0.82069,0.94613,0.74857,0.24062,0.89264,0.83809,0.08235,0.75695,0.81440,0.86117,0.82125,0.77445,0.84567,0.24223,0.85614,0.59357,0.34286,0.61048,0.77867,0.82400,0.90923,0.16665,0.16492,0.77698,0.87123,0.49407,0.82707,0.81189,0.32169,0.82021,0.87795,0.72672,0.76788,0.35989,0.79316,0.91897,0.29420,0.77235,0.73639,0.26693,0.79315,0.42140,0.91268,0.88883,0.59675,0.88333,0.88292,0.37768,0.90018,0.87640,0.79504,0.33813,0.80626,0.87130,0.79196,0.84506,0.87675,0.45100,0.27252,0.08281,0.75671,0.61795,0.22496,0.78266,0.16149,0.82554,0.89188,0.83744,0.90358,0.92477,0.90955,0.92518,0.75381,0.86383,0.80701,0.90512,0.90035,0.85677,0.84452,0.70739,0.34393,0.92538,0.17143,0.85548,0.13352,0.16993,0.90853,0.31328,0.22059,0.89920,0.77855,0.82460,0.88952,0.89021
0.53455,0.46614,0.46847,0.46776,0.73452,0.70351,0.46091,0.44585,0.43668,1.00000,0.62993,0.38173,0.45333,0.45692,0.57816,0.48651,0.46144,0.45683,0.72556,0.47924,0.37576,0.41171,0.39028,0.57319,0.45197,0.45333,0.49101,0.64930,0.70109,0.70936,0.74688,0.44740,0.64098,0.58064,0.50582,0.58543,0.44536,0.49006,0.48907,0.41945,0.47369,0.41066,0.46058,0.52154,0.41582,0.53854,0.16057,0.60582,0.56848,0.17381,0.54382,0.80504,0.20742,0.52926,0.43725,0.43760,0.41432,0.43082,0.07828,0.62146,0.46156,0.31501,0.42821,0.60639,0.41438,0.68980,0.44175,0.32082,0.45726,0.44561,0.39916,0.45803,0.48354,0.43164,0.64173,0.70258,0.79836,0.43715,0.47283,0.56270,0.45026,0.64738,0.45768,0.73543,0.45329,0.55109,0.47733,0.47035,0.73582,0.33689,0.44637,0.47192,0.59625,0.52854,0.09930,0.44989,0.39871,0.70171,0.42927,0.47093,0.42459,0.42748,0.41465,0.41032,0.46601,0.66974,0.41491,0.44584,0.74403,0.47553,0.78369,0.32249,0.45028,0.46520,0.70916,0.17561,0.69586,0.62680,0.30756,0.46515,0.37641,0.43603,0.44789,0.40507,0.48509,0.52902,0.45975,0.47021,0.51779,0.47651,0.47186,0.46387,0.22233,0.46468,0.46289,0.59055,0.47019,0.73225,0.53961,0.74507,0.45093,0.48711,0.42122,0.05622,0.36861,0.44775,0.31149,0.73712,0.54541,0.44917,0.64095,0.45947,0.47213,0.40289,0.49132,0.57945,0.54763,0.44513,0.65789,0.48368,0.46887,0.66195,0.62248,0.61868,0.41122,0.40559,0.70037,0.46528,0.42619,0.61631,0.37047,0.40548,0.48773,0.61957,0.48888,0.47885,0.47597,0.61368,0.45128,0.67980,0.53463,0.10475,0.40333,0.67556,0.63451,0.48292,0.53993,0.43807,0.49560,0.58132,0.43837,0.48175,0.41188,0.48940,0.49233,0.44687,0.52732,0.56410,0.45315,0.47001,0.44730,0.74532,0.50237,0.44782,0.54019,0.46747,0.24935,0.48477,0.42662,0.53386,0.53832,0.42406,0.47542,0.50664,0.45189,0.47398
0.37262,0.29053,0.29040,0.31011,0.85919,0.78636,0.31343,0.33475,0.39420,0.62993,1.00000,0.32830,0.34434,0.26213,0.53965,0.28018,0.27447,0.28808,0.81146,0.33663,0.16999,0.29263,0.35865,0.49307,0.36234,0.27989,0.30890,0.59472,0.70767,0.73953,0.69500,0.25944,0.66215,0.85108,0.33865,0.90257,0.33059,0.29687,0.29273,0.30590,0.29386,0.41081,0.30239,0.38812,0.31754,0.41691,0.16537,0.49693,0.62849,0.15825,0.45804,0.63290,0.13172,0.38116,0.30445,0.28582,0.33770,0.40936,0.11141,0.56556,0.27798,0.17551,0.36927,0.65642,0.42866,0.63931,0.30998,0.42053,0.33845,0.29665,0.34879,0.29684,0.38160,0.27105,0.54293,0.79880,0.67200,0.32441,0.29494,0.50267,0.34553,0.92623,0.29234,0.84975,0.26527,0.41916,0.33971,0.20539,0.77554,0.18200,0.29554,0.28079,0.50829,0.41782,0.11389,0.26481,0.32877,0.82574,0.33929,0.31645,0.28801,0.31706,0.43558,0.21058,0.32453,0.61886,0.38464,0.30713,0.72939,0.33290,0.70729,0.17145,0.30850,0.29155,0.70211,0.10915,0.74465,0.57493,0.22709,0.30506,0.30218,0.27915,0.26033,0.36771,0.31898,0.53646,0.34062,0.28216,0.37198,0.29023,0.29646,0.33785,0.19260,0.26425,0.30817,0.58194,0.31221,0.77001,0.49342,0.58592,0.25803,0.29195,0.32122,0.09813,0.31023,0.30367,0.23822,0.76880,0.51507,0.29947,0.65117,0.29840,0.32463,0.43718,0.29383,0.76341,0.38777,0.39784,0.66032,0.31173,0.27743,0.58054,0.59483,0.80751,0.38561,0.31033,0.72867,0.30720,0.28647,0.71384,0.27624,0.27524,0.28916,0.49562,0.29374,0.33066,0.28405,0.54638,0.30654,0.74257,0.52599,0.13645,0.17814,0.59351,0.50604,0.30925,0.44885,0.24176,0.36213,0.46308,0.33667,0.40102,0.29401,0.46984,0.31056,0.27526,0.37260,0.47309,0.34708,0.30201,0.30935,0.66960,0.76325,0.31655,0.41721,0.31945,0.17658,0.35472,0.41866,0.42814,0.46064,0.30828,0.29262,0.34630,0.29187,0.32544
0.53736,0.17936,0.16896,0.17375,0.39650,0.37876,0.19692,0.19770,0.21500,0.38173,0.32830,1.00000,0.16873,0.13232,0.71353,0.16827,0.15215,0.15080,0.28049,0.22095,0.63289,0.15559,0.21352,0.48868,0.68067,0.15257,0.18819,0.49890,0.38259,0.35990,0.33924,0.14517,0.42549,0.59706,0.20348,0.46546,0.22686,0.15216,0.15314,0.20754,0.17439,0.28063,0.15974,0.21574,0.14641,0.72429,0.59055,0.47830,0.67860,0.42718,0.27860,0.36822,0.56628,0.19245,0.19604,0.13919,0.22832,0.26603,0.29603,0.65787,0.15542,0.65585,0.22225,0.24596,0.45552,0.31433,0.18021,0.52331,0.21660,0.14655,0.58302,0.15981,0.29577,0.13193,0.30837,0.30254,0.33504,0.43351,0.15145,0.25253,0.21870,0.41499,0.16452,0.33928,0.14865,0.46561,0.19658,0.47357,0.27560,0.57810,0.16711,0.17274,0.49135,0.24724,0.31669,0.15212,0.22732,0.32806,0.21148,0.17796,0.19640,0.20007,0.32088,0.36702,0.18398,0.27673,0.25178,0.15765,0.31788,0.17757,0.27936,0.56596,0.14722,0.14262,0.38229,0.66723,0.37930,0.24875,0.19784,0.18614,0.42778,0.16078,0.14002,0.26632,0.20895,0.38667,0.22397,0.17271,0.52689,0.16663,0.15044,0.19070,0.12566,0.13364,0.15048,0.37182,0.16530,0.33754,0.45123,0.22438,0.11709,0.17136,0.17935,0.34852,0.51607,0.16636,0.17533,0.32012,0.28292,0.15196,0.26578,0.17595,0.21166,0.34401,0.16695,0.35460,0.25647,0.24897,0.49611,0.17642,0.15992,0.33279,0.32232,0.50818,0.25483,0.20170,0.31268,0.16732,0.15260,0.52124,0.17771,0.13961,0.14641,0.31460,0.16718,0.17700,0.15399,0.29913,0.20044,0.41147,0.46714,0.44191,0.10446,0.46703,0.49624,0.17815,0.36428,0.13551,0.24814,0.25960,0.24833,0.27944,0.26480,0.30369,0.18584,0.17827,0.23102,0.39115,0.25584,0.17191,0.17318,0.26740,0.26802,0.19782,0.51002,0.17046,0.57291,0.52763,0.27563,0.41541,0.61840,0.16976,0.15804,0.21882,0.18410,0.20606
0.33214,0.97399,0.97367,0.98595,0.47428,0.54653,0.98903,0.99356,0.91484,0.45333,0.34434,0.16873,1.00000,0.91252,0.20930,0.94805,0.96493,0.96819,0.46493,0.98494,0.20046,0.99115,0.95680,0.17364,0.14753,0.92748,0.91751,0.29447,0.67303,0.73315,0.72887,0.93369,0.28557,0.32834,0.95518,0.30964,0.98212,0.94879,0.90358,0.98187,0.95362,0.90754,0.92654,0.97353,0.99265,0.16482,0.18248,0.26076,0.25178,0.20001,0.90835,0.33452,0.19403,0.95310,0.98897,0.91232,0.96906,0.96100,0.24537,0.23941,0.96981,0.17475,0.96626,0.30936,0.19518,0.71341,0.98402,0.22311,0.99367,0.98648,0.15977,0.96159,0.97239,0.98369,0.85901,0.45643,0.68584,0.16164,0.90959,0.70224,0.98902,0.37084,0.98553,0.51484,0.94820,0.23992,0.96621,0.14657,0.57275,0.17888,0.98419,0.91672,0.20203,0.95970,0.24115,0.93441,0.97051,0.46583,0.97868,0.98552,0.99101,0.98787,0.83862,0.15661,0.97854,0.82708,0.93721,0.99261,0.70308,0.99311,0.39142,0.17397,0.97904,0.95953,0.62359,0.18808,0.59109,0.66472,0.93209,0.96010,0.19954,0.96598,0.95944,0.95048,0.89169,0.21729,0.98054,0.96504,0.11742,0.88891,0.95380,0.97479,0.84023,0.91418,0.96891,0.22006,0.97986,0.58464,0.48060,0.69242,0.91869,0.95709,0.98519,0.21337,0.18357,0.89788,0.84418,0.50055,0.85980,0.92553,0.34960,0.96412,0.98871,0.78854,0.90798,0.30750,0.92183,0.97008,0.26853,0.91300,0.87707,0.27834,0.81680,0.35610,0.94521,0.96839,0.60402,0.99063,0.98844,0.33311,0.96990,0.97970,0.93748,0.37254,0.93414,0.98614,0.92579,0.85657,0.98474,0.42105,0.25439,0.18171,0.89704,0.65491,0.19110,0.90475,0.17477,0.94736,0.98116,0.90944,0.97984,0.96875,0.94470,0.93856,0.89618,0.98309,0.94286,0.91369,0.97801,0.97826,0.94771,0.72154,0.31266,0.99016,0.12570,0.97199,0.16472,0.12962,0.91751,0.30375,0.17352,0.99262,0.90176,0.95878,0.98486,0.99072
0.30681,0.96525,0.96535,0.94330,0.38441,0.37453,0.93592,0.90946,0.76108,0.45692,0.26213,0.13232,0.91252,1.00000,0.14412,0.98513,0.97054,0.98009,0.36624,0.93041,0.15739,0.90620,0.80278,0.14341,0.12209,0.99180,0.98028,0.19248,0.53956,0.64914,0.59860,0.99301,0.21698,0.22341,0.95730,0.21825,0.86892,0.98898,0.99188,0.87599,0.98550,0.71231,0.96063,0.88610,0.91430,0.11717,0.16932,0.19803,0.18753,0.15296,0.83718,0.32095,0.17785,0.94187,0.92843,0.98038,0.82585,0.81483,0.22531,0.19521,0.97132,0.15605,0.82511,0.22815,0.11301,0.60679,0.87265,0.12747,0.90655,0.93689,0.10410,0.98254,0.88074,0.93391,0.80640,0.37997,0.63530,0.16212,0.98949,0.67991,0.88450,0.25915,0.95548,0.39387,0.98685,0.19902,0.96567,0.14281,0.45171,0.18977,0.95501,0.98906,0.16752,0.86040,0.20993,0.99440,0.83878,0.39274,0.85714,0.95773,0.92202,0.87332,0.66041,0.14036,0.95969,0.70832,0.77006,0.93362,0.55802,0.93466,0.34434,0.15722,0.96279,0.98099,0.44313,0.19083,0.40282,0.48046,0.89996,0.98481,0.16789,0.97168,0.97982,0.79813,0.96401,0.16351,0.88312,0.96906,0.11131,0.98613,0.98319,0.94410,0.75324,0.99401,0.97826,0.16819,0.95968,0.43098,0.56301,0.72591,0.99450,0.97460,0.88474,0.19955,0.16733,0.97392,0.76570,0.42955,0.67038,0.97944,0.32171,0.97596,0.92751,0.73871,0.98955,0.22836,0.91524,0.83916,0.21212,0.98352,0.98476,0.33659,0.66086,0.25307,0.78215,0.83076,0.42051,0.94261,0.92719,0.23255,0.86069,0.94223,0.99178,0.32288,0.98913,0.93037,0.99091,0.80616,0.91665,0.30931,0.19806,0.16508,0.98502,0.61717,0.12408,0.98340,0.12573,0.97994,0.90852,0.76445,0.86712,0.86193,0.83950,0.80065,0.97832,0.95643,0.90809,0.79832,0.85687,0.96308,0.96579,0.59149,0.23327,0.90844,0.09262,0.96803,0.16088,0.12668,0.72170,0.26191,0.13367,0.92524,0.98749,0.90077,0.93122,0.91996
0.54875,0.19446,0.19456,0.20734,0.53653,0.53427,0.21985,0.22144,0.25122,0.57816,0.53965,0.71353,0.20930,0.14412,1.00000,0.18670,0.17106,0.17084,0.48924,0.24714,0.50561,0.17248,0.23053,0.52248,0.53754,0.16193,0.19076,0.56869,0.50776,0.45673,0.48090,0.15297,0.57364,0.63097,0.23109,0.64082,0.25741,0.18208,0.17109,0.20742,0.19551,0.31049,0.18966,0.26819,0.18318,0.60624,0.47229,0.52701,0.71072,0.31336,0.35136,0.53150,0.33443,0.21807,0.20327,0.14353,0.25031,0.28511,0.28854,0.68054,0.17110,0.50619,0.25933,0.38605,0.52060,0.35731,0.21572,0.52691,0.23440,0.17531,0.40875,0.17465,0.30596,0.15782,0.33878,0.44618,0.49805,0.28250,0.15811,0.31666,0.23538,0.60528,0.18610,0.50153,0.15599,0.53302,0.22149,0.48121,0.47743,0.45294,0.18870,0.17348,0.65390,0.31109,0.23447,0.15253,0.24287,0.41946,0.24165,0.20796,0.20356,0.21839,0.32976,0.37247,0.21554,0.42714,0.27923,0.18817,0.51230,0.20271,0.45354,0.42557,0.17964,0.16816,0.52161,0.42746,0.50791,0.42790,0.15048,0.19607,0.45567,0.17712,0.15454,0.27986,0.18902,0.61136,0.25584,0.19225,0.55788,0.17217,0.16491,0.22380,0.03343,0.15092,0.17644,0.49433,0.19543,0.50056,0.40517,0.34405,0.13370,0.19485,0.20306,0.22844,0.54937,0.17048,0.17678,0.50277,0.34421,0.15853,0.37559,0.18553,0.23454,0.22642,0.17303,0.55758,0.28181,0.28051,0.72168,0.18286,0.16330,0.43452,0.40004,0.67774,0.28559,0.21229,0.50824,0.18676,0.16715,0.58945,0.18546,0.15365,0.16345,0.35810,0.18801,0.22767,0.17466,0.31752,0.22011,0.59834,0.49174,0.37550,0.09342,0.54353,0.52123,0.18859,0.46694,0.14965,0.27437,0.36160,0.26952,0.31931,0.24993,0.33202,0.18369,0.18931,0.26903,0.39739,0.27965,0.18993,0.19114,0.46289,0.37840,0.22128,0.53581,0.19956,0.48992,0.41656,0.30067,0.48114,0.61311,0.19131,0.16249,0.27186,0.22430,0.23400
0.34716,0.98899,0.98427,0.97195,0.41516,0.44129,0.96954,0.94805,0.80793,0.48651,0.28018,0.16827,0.94805,0.98513,0.18670,1.00000,0.99187,0.99160,0.39893,0.95790,0.18240,0.94276,0.85255,0.16774,0.14993,0.98423,0.97172,0.22499,0.58409,0.68102,0.64277,0.99069,0.24584,0.26404,0.96587,0.24132,0.91182,0.99507,0.97963,0.91480,0.99339,0.77725,0.95159,0.91992,0.94881,0.13278,0.19014,0.23208,0.20496,0.17841,0.85894,0.35873,0.22144,0.94854,0.95910,0.96145,0.87178,0.86518,0.25934,0.22604,0.99099,0.19496,0.87415,0.23737,0.15759,0.64520,0.91898,0.17597,0.94344,0.96816,0.13889,0.98848,0.92135,0.96236,0.83125,0.39978,0.66367,0.18507,0.97414,0.70068,0.92220,0.29352,0.98238,0.42860,0.99242,0.23296,0.97384,0.17013,0.49728,0.20540,0.98118,0.98298,0.17056,0.89521,0.24077,0.99090,0.88234,0.41436,0.90119,0.98362,0.95515,0.91501,0.70013,0.17031,0.97967,0.74980,0.81727,0.96562,0.62034,0.96536,0.37285,0.19099,0.98236,0.98225,0.51894,0.20802,0.47354,0.56519,0.91178,0.99018,0.19628,0.98352,0.99273,0.84744,0.94655,0.18430,0.92102,0.99155,0.12405,0.97085,0.98526,0.96254,0.76635,0.98582,0.98784,0.18788,0.98576,0.49303,0.56406,0.73137,0.98777,0.99344,0.92421,0.21737,0.18399,0.95586,0.77037,0.45415,0.73555,0.97040,0.32339,0.98460,0.96356,0.76137,0.97802,0.24531,0.92390,0.88271,0.23040,0.96820,0.96239,0.32756,0.70612,0.28619,0.83619,0.87439,0.48658,0.97400,0.95915,0.27215,0.89733,0.96227,0.99124,0.38710,0.99278,0.96285,0.99150,0.82434,0.95082,0.34973,0.22292,0.19668,0.96410,0.65828,0.16689,0.97254,0.15977,0.98642,0.94381,0.82154,0.91150,0.89546,0.86980,0.84654,0.96334,0.98273,0.92600,0.83824,0.90144,0.98504,0.97261,0.63485,0.23429,0.94225,0.11893,0.98578,0.18868,0.16382,0.78262,0.27306,0.16804,0.95601,0.97432,0.93389,0.96771,0.95181
0.32632,0.99656,0.98867,0.97984,0.41565,0.44331,0.98157,0.96348,0.83855,0.46144,0.27447,0.15215,0.96493,0.97054,0.17106,0.99187,1.00000,0.99264,0.38865,0.96111,0.17764,0.96007,0.87529,0.14745,0.13486,0.97241,0.95416,0.22706,0.58938,0.68265,0.64605,0.98633,0.24021,0.25358,0.95671,0.23353,0.92973,0.99186,0.96495,0.93138,0.98923,0.80657,0.93353,0.92611,0.96324,0.12487,0.18406,0.21191,0.20271,0.18396,0.86320,0.33835,0.20706,0.93922,0.97204,0.94198,0.89338,0.88715,0.25801,0.20472,0.99855,0.17761,0.89617,0.25438,0.15662,0.65234,0.94026,0.17340,0.96013,0.98095,0.13361,0.98627,0.93610,0.97795,0.82736,0.38833,0.65255,0.17333,0.95838,0.70963,0.93821,0.28705,0.99242,0.42166,0.99249,0.21983,0.96617,0.15699,0.48708,0.18515,0.98981,0.97035,0.16052,0.90333,0.24366,0.98094,0.90143,0.40903,0.92142,0.99067,0.97087,0.93494,0.72038,0.15634,0.97958,0.75381,0.83810,0.97836,0.61574,0.97750,0.36605,0.17489,0.98618,0.97582,0.52127,0.19464,0.47767,0.57381,0.92128,0.98331,0.18457,0.98375,0.99438,0.87091,0.92282,0.17581,0.93478,0.99837,0.11336,0.95371,0.97667,0.96073,0.79210,0.97434,0.98467,0.18520,0.99240,0.48683,0.53657,0.70672,0.97861,0.99658,0.93996,0.21398,0.17870,0.93584,0.79607,0.43711,0.75426,0.95775,0.31186,0.98125,0.97603,0.76248,0.95939,0.24537,0.90803,0.90141,0.23307,0.94838,0.93966,0.30808,0.72239,0.28096,0.85800,0.89630,0.48910,0.98764,0.97060,0.26229,0.91521,0.97558,0.98307,0.38088,0.98690,0.97027,0.98364,0.82050,0.96300,0.34004,0.20853,0.18753,0.95133,0.64323,0.15040,0.95791,0.14726,0.98490,0.95937,0.83041,0.92842,0.91473,0.89020,0.85989,0.94202,0.99071,0.91503,0.85321,0.91827,0.99373,0.96809,0.62348,0.25982,0.95926,0.10050,0.98925,0.17350,0.13114,0.81042,0.27359,0.14874,0.97280,0.95975,0.93475,0.97786,0.96497
0.32191,0.99401,0.99032,0.98336,0.42097,0.44309,0.98342,0.97005,0.84364,0.45683,0.28808,0.15080,0.96819,0.98009,0.17084,0.99160,0.99264,1.00000,0.40981,0.97106,0.16826,0.96609,0.89125,0.14694,0.12900,0.98812,0.97405,0.21729,0.59931,0.69069,0.65332,0.98976,0.24616,0.25854,0.97348,0.23977,0.93717,0.99225,0.97692,0.94078,0.99581,0.81502,0.95836,0.93716,0.97142,0.12225,0.17811,0.20619,0.21102,0.17656,0.87049,0.32587,0.19913,0.96004,0.97857,0.97054,0.90420,0.90008,0.25306,0.20371,0.99572,0.18076,0.90377,0.26142,0.13246,0.65389,0.94394,0.15180,0.96432,0.98074,0.12548,0.99344,0.94013,0.97740,0.82992,0.41108,0.65407,0.15872,0.97714,0.70166,0.94734,0.29723,0.99152,0.44284,0.99449,0.21297,0.98536,0.14572,0.50686,0.18005,0.99280,0.98144,0.16583,0.91758,0.23390,0.98822,0.91569,0.43293,0.93347,0.99339,0.97442,0.93937,0.73630,0.14709,0.99179,0.76210,0.85434,0.98076,0.61960,0.97851,0.35744,0.16788,0.99324,0.98728,0.51784,0.19706,0.47887,0.56295,0.93319,0.99574,0.17613,0.99536,0.99545,0.88330,0.95176,0.18320,0.94220,0.99319,0.10690,0.96811,0.99110,0.97912,0.80021,0.98128,0.99497,0.18635,0.99210,0.49751,0.54517,0.71456,0.98354,0.99153,0.95255,0.21799,0.16485,0.96443,0.80769,0.45773,0.75708,0.97950,0.32559,0.99224,0.97602,0.76463,0.97271,0.25932,0.93198,0.91879,0.23943,0.97305,0.96031,0.30301,0.72816,0.28521,0.87463,0.90106,0.49363,0.98553,0.97847,0.26337,0.92059,0.98310,0.99063,0.35168,0.98806,0.97505,0.98754,0.82910,0.96373,0.35151,0.21051,0.18849,0.96348,0.64422,0.14781,0.97407,0.13727,0.98449,0.95732,0.83880,0.93583,0.92431,0.89216,0.87414,0.96288,0.98867,0.93818,0.85675,0.92577,0.99329,0.98442,0.64374,0.26950,0.96442,0.09645,0.99586,0.17333,0.12835,0.82349,0.26439,0.14821,0.97600,0.97360,0.94459,0.97557,0.96630
0.39130,0.40455,0.41984,0.43566,0.88263,0.84433,0.43785,0.46335,0.47224,0.72556,0.81146,0.28049,0.46493,0.36624,0.48924,0.39893,0.38865,0.40981,1.00000,0.46908,0.22540,0.42620,0.47973,0.55136,0.42520,0.38572,0.41985,0.57776,0.82503,0.78499,0.83144,0.36338,0.75457,0.68407,0.47160,0.68000,0.46856,0.41222,0.39810,0.43959,0.40404,0.49759,0.42272,0.53678,0.43549,0.45071,0.05015,0.58819,0.63396,0.16276,0.57147,0.74050,0.12725,0.52081,0.43438,0.39853,0.47424,0.49855,0.09973,0.53063,0.39709,0.15736,0.49023,0.71114,0.41394,0.74404,0.46045,0.25498,0.45581,0.42617,0.42985,0.40921,0.49523,0.39992,0.65438,0.94941,0.79417,0.31948,0.40647,0.58150,0.48043,0.80147,0.41901,0.91184,0.37210,0.41880,0.45844,0.31245,0.92361,0.19769,0.41405,0.38199,0.57088,0.56726,0.08175,0.37461,0.44710,0.89410,0.47267,0.43667,0.40632,0.44771,0.56353,0.25428,0.44390,0.74643,0.51461,0.43412,0.83773,0.45485,0.77731,0.20648,0.41837,0.41093,0.80555,0.07539,0.83361,0.70418,0.32910,0.41389,0.31413,0.39225,0.38515,0.47538,0.42770,0.58484,0.48376,0.39393,0.37699,0.38517,0.42583,0.46379,0.22019,0.36865,0.42350,0.66999,0.43299,0.89511,0.48658,0.71335,0.36673,0.40753,0.45348,0.06527,0.31311,0.40014,0.32227,0.95603,0.65903,0.40137,0.83554,0.42144,0.45040,0.44505,0.41426,0.79854,0.51535,0.51198,0.69373,0.42613,0.37994,0.51405,0.73372,0.72820,0.49808,0.44533,0.84592,0.43082,0.41187,0.68101,0.40506,0.38201,0.40658,0.54641,0.39870,0.46124,0.39006,0.63620,0.43729,0.86055,0.65675,0.12898,0.29926,0.69316,0.64594,0.40507,0.51090,0.35916,0.47233,0.61804,0.46366,0.49568,0.39145,0.55174,0.41113,0.39534,0.51796,0.58965,0.47791,0.42456,0.41259,0.82802,0.68530,0.44181,0.47933,0.42976,0.11172,0.41857,0.52972,0.47080,0.51240,0.42839,0.39139,0.49965,0.42315,0.46302
0.38224,0.97254,0.98236,0.98983,0.48596,0.54617,0.98686,0.98397,0.87938,0.47924,0.33663,0.22095,0.98494,0.93041,0.24714,0.95790,0.96111,0.97106,0.46908,1.00000,0.26549,0.97598,0.93497,0.22224,0.21053,0.94271,0.94378,0.31043,0.69343,0.73549,0.74115,0.94384,0.29878,0.34353,0.98235,0.30527,0.97708,0.95546,0.92019,0.97975,0.96558,0.87954,0.95492,0.98148,0.97787,0.21879,0.22538,0.29161,0.26843,0.24275,0.92711,0.37194,0.25255,0.97314,0.98922,0.93420,0.96337,0.94344,0.28195,0.27359,0.96528,0.24557,0.95024,0.30484,0.20733,0.71694,0.97527,0.24241,0.98184,0.98371,0.20793,0.97133,0.97702,0.96789,0.87285,0.46460,0.70608,0.20294,0.92984,0.71317,0.98211,0.37249,0.98275,0.51672,0.95293,0.29039,0.98411,0.20828,0.57401,0.25689,0.97678,0.93086,0.24551,0.97064,0.30173,0.95250,0.95823,0.47557,0.96447,0.98179,0.98487,0.98156,0.83884,0.21025,0.98547,0.83507,0.93185,0.98250,0.70157,0.98666,0.39593,0.23887,0.97431,0.96914,0.62308,0.25798,0.58722,0.67042,0.92635,0.97373,0.24808,0.96925,0.96676,0.92954,0.92674,0.26459,0.98432,0.96397,0.15915,0.90853,0.97012,0.98554,0.82381,0.92961,0.97281,0.26366,0.97939,0.58891,0.54212,0.72331,0.92825,0.96274,0.97393,0.27379,0.22738,0.91758,0.82509,0.50865,0.85904,0.93417,0.37682,0.98077,0.99009,0.80530,0.93319,0.30906,0.95822,0.95597,0.28934,0.93907,0.90477,0.30182,0.81657,0.36025,0.92681,0.96464,0.60499,0.98275,0.98373,0.35305,0.97012,0.97662,0.95137,0.40513,0.94303,0.99148,0.93496,0.86028,0.98893,0.42828,0.28934,0.22317,0.91676,0.68666,0.22576,0.91975,0.21708,0.95609,0.98238,0.91534,0.97696,0.96177,0.94474,0.92045,0.92868,0.98376,0.97363,0.91133,0.97831,0.97856,0.94878,0.72330,0.28838,0.97688,0.15209,0.97301,0.21998,0.17409,0.89501,0.33842,0.22126,0.98554,0.91569,0.98017,0.98041,0.99017
0.70208,0.20759,0.20941,0.19608,0.31233,0.26918,0.22608,0.21554,0.21165,0.37576,0.16999,0.63289,0.20046,0.15739,0.50561,0.18240,0.17764,0.16826,0.22540,0.26549,1.00000,0.18805,0.23890,0.66446,0.70050,0.16649,0.20618,0.61930,0.37124,0.31158,0.37017,0.15699,0.44255,0.35314,0.22390,0.24586,0.26227,0.18074,0.16170,0.23555,0.19540,0.30127,0.21134,0.24554,0.17418,0.68039,0.60308,0.54175,0.44869,0.46131,0.30933,0.45836,0.50296,0.20615,0.22599,0.15391,0.28161,0.26697,0.29904,0.60094,0.18199,0.68679,0.27154,0.26680,0.50088,0.34749,0.23206,0.46892,0.25450,0.18630,0.63402,0.18755,0.31702,0.15125,0.34536,0.22353,0.43496,0.59110,0.15997,0.29927,0.22957,0.23156,0.19345,0.24780,0.16763,0.72863,0.20769,0.80469,0.20767,0.84866,0.19230,0.18096,0.58832,0.27551,0.43223,0.18132,0.27431,0.20114,0.23990,0.20025,0.23218,0.25368,0.34456,0.65813,0.20501,0.26521,0.27608,0.17828,0.26815,0.20331,0.37191,0.77989,0.17314,0.15489,0.29939,0.74266,0.29761,0.31585,0.18564,0.19368,0.71381,0.18003,0.16971,0.28043,0.21570,0.48495,0.26317,0.19390,0.66292,0.17350,0.16880,0.20048,0.14677,0.14392,0.16090,0.63093,0.17412,0.25945,0.46424,0.21718,0.14009,0.19426,0.21002,0.52311,0.70849,0.16857,0.19913,0.27309,0.30347,0.16310,0.34626,0.20416,0.23761,0.33836,0.18056,0.29009,0.25936,0.26607,0.48154,0.18509,0.16637,0.39332,0.33513,0.32865,0.27570,0.26095,0.27657,0.20111,0.17270,0.44305,0.23316,0.18025,0.16487,0.39493,0.17634,0.21471,0.16216,0.23705,0.22833,0.32680,0.53016,0.44720,0.15404,0.38252,0.60892,0.18551,0.59660,0.17940,0.27452,0.28602,0.27953,0.31060,0.33060,0.31446,0.18851,0.22026,0.25088,0.39178,0.29572,0.19121,0.18926,0.25081,0.16747,0.22508,0.62997,0.19103,0.66992,0.51584,0.29774,0.69690,0.68104,0.21042,0.16539,0.24977,0.22019,0.24446
0.29478,0.97210,0.96396,0.97756,0.43148,0.51109,0.98619,0.99190,0.91180,0.41171,0.29263,0.15559,0.99115,0.90620,0.17248,0.94276,0.96007,0.96609,0.42620,0.97598,0.18805,1.00000,0.96656,0.13063,0.11827,0.92653,0.90891,0.26228,0.63873,0.71067,0.69609,0.92923,0.24837,0.28487,0.94474,0.25890,0.97690,0.94102,0.89883,0.97301,0.94857,0.91930,0.91702,0.96123,0.99535,0.11746,0.17524,0.21124,0.22018,0.19456,0.87383,0.27645,0.20409,0.94011,0.98577,0.91317,0.96600,0.96560,0.24492,0.19915,0.96667,0.17146,0.96716,0.27739,0.15216,0.68024,0.98362,0.19089,0.99180,0.98243,0.14014,0.95890,0.96282,0.97802,0.83776,0.41493,0.64378,0.13864,0.90954,0.67006,0.98243,0.32513,0.97937,0.47945,0.94265,0.20258,0.96228,0.12285,0.53890,0.15385,0.98555,0.91341,0.14102,0.94645,0.24226,0.92720,0.97623,0.43785,0.98208,0.98354,0.99029,0.97928,0.80450,0.13608,0.97740,0.79719,0.93113,0.99005,0.67620,0.98197,0.33179,0.17428,0.98239,0.94979,0.59486,0.18470,0.56317,0.63958,0.92847,0.95617,0.17759,0.97132,0.95771,0.95322,0.88263,0.16901,0.97498,0.96032,0.08190,0.88461,0.94565,0.97353,0.83110,0.90788,0.96542,0.17756,0.97293,0.54918,0.48843,0.64761,0.91586,0.94979,0.98985,0.22687,0.16307,0.90099,0.82879,0.45882,0.84351,0.92832,0.30529,0.95673,0.98085,0.77316,0.89776,0.26297,0.90794,0.97217,0.22292,0.90675,0.87195,0.23397,0.79364,0.30803,0.95417,0.95762,0.57264,0.98691,0.99058,0.29089,0.96329,0.98324,0.93006,0.32996,0.92666,0.98018,0.92146,0.83462,0.97030,0.38173,0.21014,0.17252,0.89323,0.62517,0.15595,0.90201,0.12995,0.93792,0.96341,0.89600,0.97533,0.95733,0.92852,0.93995,0.88608,0.97891,0.92861,0.89261,0.96835,0.97058,0.95311,0.69653,0.28370,0.98753,0.09385,0.96925,0.14685,0.10201,0.92448,0.25886,0.14696,0.98988,0.89881,0.94743,0.98217,0.97721
0.32175,0.90012,0.89003,0.92052,0.47401,0.57508,0.94004,0.96546,0.91921,0.39028,0.35865,0.21352,0.95680,0.80278,0.23053,0.85255,0.87529,0.89125,0.47973,0.93497,0.23890,0.96656,1.00000,0.18166,0.16783,0.84186,0.82507,0.31566,0.68608,0.71707,0.72041,0.83193,0.28993,0.35177,0.88529,0.32281,0.96984,0.84862,0.79726,0.96150,0.86547,0.97583,0.84853,0.93347,0.96669,0.16548,0.23237,0.24588,0.27144,0.24588,0.84213,0.27252,0.25385,0.88545,0.94895,0.83737,0.98108,0.99316,0.29020,0.24718,0.88696,0.22175,0.97785,0.31904,0.20876,0.68495,0.97016,0.24990,0.96516,0.92752,0.20066,0.88801,0.94899,0.91331,0.81191,0.45395,0.64488,0.18004,0.81837,0.61442,0.96734,0.39660,0.91240,0.54348,0.84971,0.25056,0.90622,0.15965,0.58829,0.19048,0.92768,0.82057,0.18788,0.93779,0.29852,0.83386,0.99249,0.48540,0.98930,0.92473,0.95461,0.96564,0.84210,0.17360,0.92280,0.80592,0.96722,0.94420,0.71142,0.93323,0.31596,0.21895,0.92206,0.86911,0.65805,0.24156,0.62995,0.67373,0.88454,0.88404,0.21709,0.90876,0.87342,0.98034,0.80921,0.22481,0.95712,0.87864,0.12314,0.78495,0.86992,0.92753,0.80772,0.80217,0.89655,0.23243,0.90518,0.60555,0.48095,0.56747,0.81093,0.85916,0.97963,0.28560,0.20372,0.82967,0.79503,0.49882,0.88076,0.85595,0.31893,0.88445,0.93486,0.76644,0.80369,0.31866,0.86793,0.99051,0.26467,0.82988,0.77354,0.21732,0.83137,0.36934,0.99648,0.95666,0.63678,0.93223,0.95134,0.34182,0.94698,0.93142,0.83500,0.28894,0.82922,0.93303,0.82656,0.79229,0.92577,0.43522,0.26697,0.24141,0.78314,0.62050,0.20898,0.81438,0.18047,0.84354,0.91985,0.91620,0.97501,0.95404,0.91095,0.97468,0.79913,0.91622,0.89430,0.89681,0.96398,0.89846,0.89381,0.74530,0.33050,0.95586,0.14821,0.90217,0.21286,0.14237,0.98402,0.29671,0.19325,0.94996,0.80512,0.91092,0.92677,0.93446
